2 0.366797 0.979228 0.121094 0.041543 0.60967
7 0.586328 0.925816 0.152344 0.148368 0.643449
2 0.389062 0.22181 0.0296875 0.0519288 0.671229
2 0.372266 0.570475 0.0820312 0.170623 0.728821
5 0.49375 0.502226 0.084375 0.18546 0.72992
2 0.539844 0.260386 0.06875 0.0489614 0.731356
2 0.242969 0.591246 0.101562 0.158754 0.767447
2 0.528125 0.692878 0.1125 0.20178 0.793294
2 0.144922 0.548961 0.102344 0.166172 0.851377
2 0.367188 0.775964 0.109375 0.189911 0.894255
2 0.181641 0.849407 0.155469 0.22997 0.91721
