2 0.351953 0.29822 0.0320312 0.0504451 0.610146
2 0.598828 0.446588 0.0695312 0.127596 0.685726
2 0.257422 0.571958 0.0945313 0.135015 0.71305
2 0.111719 0.944362 0.171875 0.105341 0.714964
2 0.586328 0.958457 0.146094 0.074184 0.760493
2 0.0515625 0.777448 0.101562 0.216617 0.809541
2 0.214453 0.691395 0.117969 0.181009 0.84012
2 0.132812 0.578635 0.110937 0.142433 0.84869
2 0.500391 0.56454 0.0789063 0.135015 0.865759
2 0.378516 0.606825 0.0851562 0.151335 0.886834
2 0.535937 0.725519 0.10625 0.181009 0.898112
2 0.366406 0.820475 0.114063 0.219585 0.901079
2 0.728125 0.8227 0.153125 0.224036 0.923539
