2 0.630078 0.284866 0.0820312 0.0534125 0.608663
2 0.125391 0.929525 0.163281 0.137982 0.679802
2 0.059375 0.327151 0.0796875 0.0667656 0.695115
2 0.15625 0.310089 0.08125 0.0712166 0.705958
2 0.608984 0.445846 0.0773437 0.114243 0.754269
2 0.378906 0.557122 0.075 0.123145 0.755082
2 0.290234 0.318991 0.119531 0.0890208 0.815888
2 0.261719 0.54822 0.0875 0.132047 0.825673
2 0.343359 0.917656 0.132031 0.152819 0.829839
2 0.223828 0.671365 0.124219 0.218101 0.835958
2 0.396875 0.317507 0.101562 0.0682493 0.84499
2 0.546875 0.333828 0.121875 0.0682493 0.845655
2 0.361328 0.698071 0.0992187 0.197329 0.850044
