5 0.0949219 0.225519 0.0773437 0.0979228 0.627074
2 0.555469 0.754451 0.167187 0.437685 0.641168
2 0.279687 0.488131 0.08125 0.148368 0.662106
2 0.040625 0.29451 0.04375 0.0667656 0.716626
2 0.355859 0.252967 0.0335938 0.0548961 0.749805
2 0.216797 0.392433 0.0601562 0.120178 0.751477
2 0.323828 0.35905 0.0492188 0.0830861 0.757281
2 0.446484 0.272255 0.0367187 0.0578635 0.78016
2 0.492578 0.461424 0.0570313 0.124629 0.79678
2 0.395312 0.331602 0.040625 0.0667656 0.823932
2 0.376953 0.596439 0.0789063 0.139466 0.880746
2 0.338281 0.852374 0.129688 0.24184 0.899519
