2 0.608984 0.265579 0.0742188 0.0474777 0.639961
2 0.125781 0.929525 0.164062 0.14095 0.664364
2 0.941016 0.344956 0.0710938 0.0697329 0.678161
2 0.223828 0.670623 0.124219 0.219585 0.77865
2 0.378516 0.557122 0.0757812 0.120178 0.778984
2 0.261328 0.54822 0.0867188 0.132047 0.808987
2 0.34375 0.916914 0.13125 0.154303 0.809153
2 0.360156 0.281899 0.084375 0.0563798 0.814745
2 0.527734 0.277448 0.0867188 0.0593472 0.833844
2 0.361328 0.696588 0.0992187 0.197329 0.841071
2 0.703906 0.747033 0.135937 0.197329 0.907808
