2 0.0472656 0.283383 0.0695312 0.0563798 0.63396
2 0.185156 0.318249 0.0578125 0.0697329 0.727498
2 0.95 0.348665 0.06875 0.0652819 0.735454
2 0.210547 0.391691 0.0507812 0.0860534 0.779464
2 0.666406 0.273739 0.0734375 0.0578635 0.780349
2 0.51875 0.687685 0.109375 0.206231 0.802162
2 0.451953 0.315282 0.0851562 0.0727003 0.802758
2 0.532812 0.253709 0.0625 0.0593472 0.804801
2 0.271094 0.28635 0.05625 0.0563798 0.839861
2 0.363281 0.793769 0.117188 0.210682 0.855876
2 0.213281 0.708457 0.123438 0.194362 0.870636
