2 0.367188 0.978487 0.121875 0.0430267 0.608938
2 0.198437 0.284866 0.0734375 0.0563798 0.618903
7 0.492969 0.501484 0.084375 0.186944 0.657662
2 0.665234 0.285608 0.0726563 0.0548961 0.684953
2 0.607422 0.52003 0.0867188 0.135015 0.756766
2 0.527734 0.691395 0.113281 0.20178 0.765351
2 0.371875 0.571217 0.0828125 0.175074 0.765753
2 0.316797 0.26632 0.0710938 0.0697329 0.770087
2 0.246484 0.315282 0.0898438 0.0756677 0.792953
2 0.242969 0.597923 0.101562 0.151335 0.851628
2 0.128906 0.586795 0.114063 0.170623 0.859925
2 0.367188 0.775964 0.107813 0.192878 0.887552
2 0.182422 0.849407 0.155469 0.22997 0.907498
