2 0.380078 0.553412 0.0726563 0.118694 0.648664
2 0.692969 0.394659 0.0953125 0.0830861 0.663832
2 0.0933594 0.953264 0.167969 0.0845697 0.688438
2 0.504687 0.56454 0.084375 0.137982 0.703463
2 0.0878906 0.277448 0.0695312 0.0563798 0.727694
2 0.952344 0.347923 0.075 0.0608309 0.728215
2 0.545703 0.931751 0.155469 0.136499 0.803892
2 0.309375 0.278932 0.0875 0.0563798 0.806946
2 0.573828 0.382047 0.0679687 0.0875371 0.814785
2 0.594922 0.502226 0.0742188 0.123145 0.819069
2 0.261328 0.549703 0.0898438 0.135015 0.827544
2 0.5375 0.748516 0.120312 0.218101 0.850164
2 0.207422 0.702522 0.121094 0.191395 0.860419
2 0.132031 0.586795 0.109375 0.152819 0.861042
2 0.368359 0.699555 0.100781 0.188427 0.890264
