2 0.380078 0.553412 0.0726563 0.118694 0.697298
2 0.0839844 0.27819 0.0898438 0.0578635 0.699214
2 0.504297 0.56454 0.0835937 0.14095 0.712305
2 0.0996094 0.940653 0.172656 0.103858 0.786718
2 0.545703 0.931751 0.157031 0.136499 0.801132
2 0.262109 0.549703 0.0898438 0.135015 0.857545
2 0.485547 0.311573 0.0960938 0.0801187 0.859568
2 0.537109 0.747033 0.121094 0.221068 0.859968
2 0.153125 0.373145 0.101562 0.0816024 0.865967
2 0.207813 0.703264 0.123438 0.192878 0.872478
2 0.053125 0.772997 0.103125 0.210682 0.881369
2 0.36875 0.699555 0.101562 0.188427 0.885161
2 0.135937 0.5727 0.101562 0.139466 0.890626
