2 0.497656 0.517062 0.0703125 0.120178 0.687624
2 0.373047 0.514095 0.0664062 0.120178 0.765534
2 0.344141 0.926558 0.133594 0.143917 0.793931
2 0.251563 0.563798 0.0921875 0.133531 0.806515
2 0.3625 0.65727 0.0921875 0.181009 0.809273
2 0.525391 0.633531 0.0992187 0.169139 0.810581
2 0.155859 0.898368 0.174219 0.188427 0.814726
2 0.139062 0.557863 0.096875 0.127596 0.874684
2 0.21875 0.698813 0.110937 0.178042 0.882193
2 0.546094 0.867211 0.135937 0.238872 0.889745
2 0.0425781 0.847923 0.0835937 0.215134 0.901067
