2 0.0132813 0.9273 0.0265625 0.130564 0.739457
2 0.477734 0.385015 0.0492188 0.0727003 0.75634
2 0.128516 0.554896 0.105469 0.133531 0.777628
2 0.492969 0.497033 0.08125 0.192878 0.801005
2 0.385156 0.419139 0.0625 0.120178 0.803652
2 0.304297 0.384273 0.0523437 0.0830861 0.841206
2 0.0671875 0.684718 0.13125 0.167656 0.872717
2 0.366406 0.676558 0.0984375 0.175074 0.884251
2 0.346094 0.896884 0.145313 0.200297 0.885422
2 0.248047 0.579377 0.0929687 0.149852 0.890544
2 0.533203 0.83457 0.125781 0.232938 0.90948
