2 0.0757812 0.304154 0.0359375 0.0445104 0.605111
2 0.461328 0.264837 0.0320312 0.0548961 0.627137
2 0.177344 0.263353 0.0359375 0.0400593 0.632245
2 0.212891 0.385015 0.0554687 0.0964392 0.670951
2 0.948438 0.347923 0.071875 0.0697329 0.75241
2 0.478906 0.341988 0.0484375 0.078635 0.781689
2 0.323047 0.327151 0.0445312 0.0697329 0.794933
2 0.385156 0.460682 0.0625 0.114243 0.798679
2 0.521484 0.53635 0.0835937 0.135015 0.842906
2 0.182422 0.466617 0.0773437 0.117211 0.843946
2 0.364453 0.630564 0.0851562 0.172107 0.872635
