2 0.281641 0.311573 0.0867188 0.0652819 0.758527
2 0.498828 0.514837 0.0726563 0.118694 0.794112
2 0.340625 0.954748 0.139062 0.0816024 0.79705
5 0.441016 0.309347 0.203906 0.161721 0.803298
2 0.372656 0.514095 0.065625 0.120178 0.806786
2 0.251563 0.562315 0.0921875 0.130564 0.814702
2 0.3625 0.659496 0.0921875 0.182493 0.815956
2 0.155078 0.898368 0.175781 0.188427 0.825949
2 0.525 0.632047 0.1 0.172107 0.836771
2 0.138672 0.558605 0.0960938 0.126113 0.867319
2 0.6375 0.346439 0.109375 0.0756677 0.883779
2 0.219922 0.697329 0.111719 0.181009 0.88447
2 0.546094 0.867211 0.135937 0.238872 0.897123
2 0.0425781 0.847923 0.0835937 0.215134 0.898865
