7 0.587109 0.925816 0.149219 0.148368 0.619216
7 0.492969 0.501484 0.084375 0.183976 0.720298
2 0.527734 0.692137 0.113281 0.200297 0.775145
2 0.517187 0.283383 0.0984375 0.0682493 0.789238
2 0.373047 0.570475 0.0835937 0.176558 0.816517
2 0.649219 0.399852 0.090625 0.0875371 0.817961
2 0.144922 0.549703 0.102344 0.164688 0.860072
2 0.371484 0.319733 0.105469 0.0756677 0.867922
2 0.242969 0.595697 0.0984375 0.149852 0.886162
2 0.367188 0.776706 0.109375 0.191395 0.891837
2 0.181641 0.849407 0.152344 0.22997 0.915272
