2 0.497656 0.517804 0.0703125 0.118694 0.675793
2 0.373437 0.513353 0.0640625 0.118694 0.749337
2 0.251563 0.563798 0.0921875 0.133531 0.788352
2 0.340234 0.954006 0.139844 0.0830861 0.822676
2 0.156641 0.898368 0.172656 0.188427 0.823454
2 0.3625 0.659496 0.0921875 0.182493 0.82382
2 0.525 0.632789 0.1 0.170623 0.824642
2 0.628125 0.312315 0.09375 0.0608309 0.832737
2 0.138672 0.557122 0.0960938 0.126113 0.867099
2 0.219531 0.698071 0.110937 0.179525 0.871674
2 0.326953 0.33457 0.102344 0.0727003 0.875586
2 0.546094 0.867211 0.135937 0.238872 0.894108
2 0.0425781 0.847181 0.0835937 0.21365 0.901093
