2 0.155078 0.278932 0.0726563 0.0534125 0.617691
2 0.110547 0.946588 0.172656 0.103858 0.631031
2 0.257031 0.570475 0.0953125 0.132047 0.713086
2 0.0722656 0.319733 0.0929687 0.0667656 0.761865
2 0.127344 0.588279 0.107813 0.152819 0.801822
2 0.214453 0.690653 0.119531 0.18546 0.831448
2 0.5 0.56454 0.0796875 0.137982 0.861115
2 0.378125 0.606825 0.0859375 0.151335 0.886787
2 0.535937 0.727003 0.10625 0.183976 0.8926
2 0.366016 0.819733 0.114844 0.221068 0.90848
2 0.649219 0.60905 0.110937 0.170623 0.912477
