2 0.380469 0.55638 0.071875 0.118694 0.604579
2 0.284766 0.247033 0.0585938 0.0400593 0.632858
2 0.694141 0.321217 0.0992187 0.0637982 0.731517
2 0.1 0.941395 0.171875 0.102374 0.788555
2 0.546484 0.930267 0.152344 0.139466 0.792866
2 0.261719 0.549703 0.0890625 0.135015 0.854524
2 0.5375 0.746291 0.121875 0.219585 0.85707
2 0.207813 0.702522 0.123438 0.194362 0.876935
2 0.0527344 0.773739 0.103906 0.212166 0.887026
2 0.135547 0.573442 0.100781 0.14095 0.887197
2 0.36875 0.699555 0.101562 0.188427 0.889156
