2 0.983984 0.359792 0.0320312 0.0578635 0.613461
2 0.112109 0.944362 0.172656 0.102374 0.717693
2 0.257812 0.569733 0.0953125 0.136499 0.751709
2 0.633984 0.420623 0.0882813 0.0964392 0.774763
2 0.252344 0.320475 0.0921875 0.074184 0.775159
2 0.460156 0.318991 0.0984375 0.0682493 0.804412
2 0.0519531 0.77819 0.100781 0.218101 0.820386
2 0.600781 0.505935 0.0828125 0.136499 0.835672
2 0.13125 0.580861 0.104687 0.155786 0.841717
2 0.214844 0.690653 0.11875 0.182493 0.857772
2 0.500781 0.563798 0.0796875 0.136499 0.860246
2 0.589063 0.337537 0.103125 0.0845697 0.869071
2 0.378125 0.606825 0.0859375 0.148368 0.885128
2 0.535547 0.724036 0.105469 0.181009 0.900165
2 0.366016 0.819733 0.114844 0.221068 0.904592
