2 0.937891 0.340504 0.0664062 0.0578635 0.619849
2 0.117578 0.950297 0.186719 0.0905045 0.629027
2 0.466406 0.272997 0.034375 0.0504451 0.651355
2 0.180859 0.504451 0.0867188 0.118694 0.697132
2 0.497656 0.465134 0.0625 0.123145 0.708774
2 0.475781 0.359792 0.046875 0.0845697 0.712997
2 0.224219 0.381306 0.05625 0.0860534 0.723309
2 0.409766 0.271513 0.0320312 0.0445104 0.739598
2 0.337891 0.30638 0.0398437 0.0608309 0.748163
2 0.395703 0.33457 0.0414063 0.0667656 0.787933
2 0.267188 0.54451 0.084375 0.142433 0.81126
2 0.311719 0.392433 0.05625 0.0816024 0.831865
2 0.395312 0.513353 0.06875 0.118694 0.857279
2 0.0566406 0.803412 0.113281 0.206231 0.871286
