5 0.472266 0.189911 0.0335938 0.0890208 0.661244
2 0.408594 0.25816 0.0296875 0.0682493 0.667836
2 0.219141 0.389466 0.0554687 0.102374 0.681786
2 0.948828 0.348665 0.0726563 0.0652819 0.69941
2 0.225781 0.678042 0.120312 0.192878 0.781997
2 0.296484 0.433234 0.0710938 0.0919881 0.786358
2 0.469531 0.354599 0.046875 0.0801187 0.806733
2 0.34375 0.291543 0.0390625 0.0608309 0.811372
2 0.155078 0.508902 0.0898438 0.127596 0.834927
2 0.372656 0.521513 0.06875 0.143917 0.842076
2 0.370313 0.680267 0.0921875 0.167656 0.861633
2 0.0453125 0.767804 0.090625 0.18546 0.876358
2 0.525 0.74184 0.117188 0.216617 0.887939
