2 0.332031 0.284866 0.0390625 0.0534125 0.603632
2 0.325391 0.347181 0.0476562 0.074184 0.70201
2 0.498828 0.396142 0.0664062 0.124629 0.709181
2 0.965625 0.37092 0.06875 0.0712166 0.717314
2 0.201953 0.433976 0.0664062 0.0905045 0.759868
2 0.467187 0.293769 0.040625 0.0593472 0.780471
2 0.282031 0.493323 0.075 0.126113 0.822417
5 0.401172 0.288576 0.0617188 0.152819 0.828158
2 0.371484 0.511128 0.0726563 0.123145 0.854681
2 0.111328 0.619436 0.122656 0.143917 0.858464
2 0.362891 0.681751 0.0976562 0.173591 0.888557
