2 0.209375 0.420623 0.065625 0.102374 0.669125
2 0.397656 0.406528 0.0546875 0.0949555 0.77174
2 0.337109 0.307864 0.0414063 0.0637982 0.793556
2 0.463672 0.307864 0.0382813 0.0637982 0.79439
2 0.380859 0.655044 0.0882813 0.173591 0.795753
2 0.759375 0.922849 0.160938 0.148368 0.815412
2 0.492969 0.474036 0.0609375 0.111276 0.816204
2 0.532422 0.695104 0.102344 0.176558 0.868611
2 0.284766 0.464392 0.0726563 0.11276 0.871862
2 0.35 0.896884 0.129688 0.197329 0.878143
2 0.119531 0.60905 0.1125 0.170623 0.897183
2 0.207422 0.715875 0.122656 0.18546 0.905387
