2 0.366797 0.979228 0.121094 0.041543 0.605515
7 0.585938 0.925816 0.151562 0.148368 0.652138
5 0.493359 0.502226 0.0835937 0.188427 0.672151
2 0.0425781 0.281157 0.0695312 0.0608309 0.699886
2 0.70625 0.324926 0.0890625 0.0623145 0.708041
2 0.243359 0.585312 0.0992187 0.170623 0.743266
2 0.235547 0.341988 0.102344 0.0845697 0.743811
2 0.372656 0.571217 0.0828125 0.172107 0.775197
2 0.527734 0.692137 0.113281 0.203264 0.80176
2 0.145703 0.550445 0.103906 0.163205 0.83926
2 0.367188 0.776706 0.107813 0.191395 0.887112
2 0.182031 0.849407 0.154687 0.22997 0.9094
