2 0.497266 0.51632 0.0710938 0.118694 0.731251
2 0.373047 0.514095 0.0664062 0.120178 0.755808
2 0.251953 0.561573 0.0914062 0.132047 0.760619
2 0.3625 0.658012 0.0921875 0.18546 0.814455
2 0.15625 0.898368 0.171875 0.188427 0.817842
2 0.525391 0.632789 0.0992187 0.170623 0.819853
2 0.340625 0.954006 0.139062 0.0830861 0.821692
2 0.216406 0.70178 0.107813 0.181009 0.861273
2 0.550391 0.337537 0.0992187 0.0727003 0.867193
2 0.138672 0.558605 0.0960938 0.126113 0.871378
2 0.546094 0.867211 0.135937 0.238872 0.890129
2 0.0425781 0.847923 0.0835937 0.215134 0.90128
