2 0.955469 0.347181 0.0734375 0.0652819 0.6173
2 0.505078 0.56454 0.0851562 0.14095 0.70977
2 0.428125 0.324184 0.107813 0.0934718 0.73376
2 0.355469 0.279674 0.0890625 0.0637982 0.749435
2 0.379687 0.554154 0.071875 0.117211 0.755133
2 0.582031 0.473294 0.0703125 0.11276 0.762934
2 0.545313 0.931751 0.157813 0.136499 0.796781
2 0.586719 0.283383 0.0734375 0.0563798 0.804345
2 0.645312 0.418398 0.0875 0.0979228 0.806405
2 0.0988281 0.64911 0.124219 0.158754 0.832061
2 0.2625 0.551929 0.0875 0.142433 0.853346
2 0.5375 0.747774 0.121875 0.219585 0.865447
2 0.628125 0.583086 0.1 0.151335 0.885943
2 0.202344 0.714392 0.121875 0.18546 0.887359
2 0.367969 0.699555 0.101562 0.188427 0.888092
