2 0.334766 0.281899 0.0789063 0.0623145 0.645428
2 0.938672 0.343472 0.0648438 0.0667656 0.657692
2 0.125781 0.930267 0.164062 0.139466 0.677444
2 0.599219 0.328635 0.109375 0.0756677 0.744983
2 0.378516 0.557863 0.0757812 0.124629 0.759165
2 0.501562 0.287092 0.0859375 0.0578635 0.773754
2 0.600781 0.473294 0.0640625 0.109792 0.78811
2 0.343359 0.917656 0.133594 0.152819 0.810437
2 0.223828 0.670623 0.124219 0.222552 0.816582
2 0.261328 0.547478 0.0882813 0.133531 0.829418
2 0.361328 0.695104 0.0992187 0.197329 0.838995
