2 0.498437 0.515579 0.0703125 0.114243 0.689939
2 0.229297 0.355341 0.130469 0.114243 0.720093
2 0.373437 0.513353 0.065625 0.118694 0.742989
2 0.251563 0.563798 0.090625 0.133531 0.775574
2 0.344922 0.920623 0.139844 0.152819 0.806252
2 0.362109 0.655786 0.0929687 0.181009 0.807795
2 0.155469 0.89911 0.175 0.186944 0.810319
2 0.525391 0.634273 0.0992187 0.170623 0.812123
2 0.139062 0.557863 0.096875 0.127596 0.866818
2 0.219141 0.698071 0.111719 0.179525 0.876997
2 0.546094 0.867953 0.135937 0.240356 0.894198
2 0.0425781 0.847923 0.0835937 0.215134 0.898251
