2 0.638281 0.295252 0.0828125 0.0563798 0.681804
2 0.656641 0.34273 0.0867188 0.0652819 0.703855
2 0.257812 0.316024 0.09375 0.0712166 0.793596
2 0.374219 0.568991 0.0828125 0.164688 0.793784
2 0.121875 0.566024 0.104687 0.132047 0.80133
2 0.44375 0.281899 0.090625 0.0712166 0.823808
2 0.555469 0.936202 0.142188 0.127596 0.834263
2 0.348047 0.87092 0.136719 0.240356 0.881293
2 0.242578 0.591246 0.0898438 0.143917 0.888848
2 0.517969 0.654303 0.1125 0.275964 0.891834
2 0.650391 0.622404 0.107031 0.179525 0.893502
2 0.159766 0.856083 0.153906 0.231454 0.911908
