2 0.120312 0.563798 0.104687 0.127596 0.678931
2 0.376563 0.230712 0.053125 0.0459941 0.685323
2 0.0128906 0.9273 0.0257812 0.130564 0.73965
2 0.375 0.5727 0.0828125 0.166172 0.74359
2 0.341406 0.957715 0.148438 0.0727003 0.75767
2 0.55625 0.936202 0.142188 0.127596 0.838407
2 0.517578 0.653561 0.111719 0.277448 0.840727
2 0.0625 0.698813 0.125 0.172107 0.873899
2 0.358203 0.767804 0.113281 0.218101 0.877832
2 0.242578 0.591246 0.0898438 0.143917 0.894746
2 0.161328 0.853858 0.155469 0.22997 0.917801
