2 0.111328 0.944362 0.172656 0.105341 0.715919
2 0.257031 0.571958 0.096875 0.135015 0.729246
2 0.585938 0.958457 0.14375 0.074184 0.762927
7 0.599609 0.419139 0.0679687 0.179525 0.790256
2 0.0515625 0.776706 0.101562 0.218101 0.830884
2 0.214453 0.692137 0.117969 0.182493 0.836829
2 0.537891 0.328635 0.0835937 0.0697329 0.843688
2 0.132812 0.579377 0.110937 0.143917 0.853287
2 0.500391 0.56454 0.0789063 0.135015 0.865901
2 0.378906 0.606825 0.0859375 0.148368 0.88711
2 0.535937 0.726261 0.10625 0.182493 0.899778
2 0.366016 0.819733 0.114844 0.221068 0.90523
2 0.719531 0.816766 0.145313 0.218101 0.938078
