2 0.380078 0.554154 0.0726563 0.117211 0.602501
2 0.504297 0.560831 0.0835937 0.148368 0.638098
2 0.414062 0.20178 0.028125 0.041543 0.638275
2 0.95 0.348665 0.06875 0.0652819 0.744635
2 0.1 0.942137 0.171875 0.103858 0.784473
2 0.546094 0.931751 0.154687 0.136499 0.800923
2 0.261328 0.550445 0.0898438 0.133531 0.853247
2 0.5375 0.747033 0.121875 0.221068 0.85733
2 0.135937 0.573442 0.1 0.14095 0.885012
2 0.207422 0.703264 0.122656 0.192878 0.88602
2 0.053125 0.773739 0.104687 0.212166 0.888342
2 0.36875 0.699555 0.101562 0.188427 0.88865
