2 0.957422 0.379822 0.0742188 0.0801187 0.629385
2 0.119922 0.276706 0.0742188 0.0697329 0.674961
2 0.257812 0.571217 0.09375 0.136499 0.709485
2 0.111328 0.944362 0.172656 0.105341 0.718355
2 0.585938 0.958457 0.145313 0.074184 0.745841
2 0.685938 0.361276 0.115625 0.0934718 0.776569
2 0.0515625 0.77819 0.101562 0.218101 0.81805
2 0.603125 0.454748 0.0671875 0.117211 0.834463
2 0.132031 0.583086 0.104687 0.15727 0.84232
2 0.214453 0.690653 0.117969 0.182493 0.848366
2 0.500391 0.563798 0.0789063 0.133531 0.862114
2 0.378125 0.607567 0.0859375 0.149852 0.886804
2 0.535937 0.726261 0.10625 0.182493 0.897649
2 0.366406 0.820475 0.114063 0.222552 0.904753
