2 0.0285156 0.255935 0.0382813 0.0637982 0.60604
2 0.55625 0.25816 0.065625 0.0534125 0.623518
2 0.799219 0.959199 0.157813 0.0816024 0.637207
2 0.598828 0.456231 0.0632813 0.123145 0.650903
2 0.557422 0.343472 0.121094 0.078635 0.792498
2 0.121875 0.566766 0.103125 0.130564 0.80329
2 0.334375 0.289318 0.0875 0.0534125 0.80885
2 0.374219 0.568991 0.0828125 0.161721 0.819927
2 0.555859 0.936202 0.142969 0.127596 0.820733
2 0.516406 0.653561 0.1125 0.274481 0.822007
2 0.467578 0.275223 0.0726563 0.0637982 0.823391
2 0.348437 0.870178 0.135937 0.238872 0.869569
2 0.242578 0.590504 0.0898438 0.145401 0.886143
2 0.160156 0.856083 0.154687 0.231454 0.908515
