2 0.119922 0.563798 0.103906 0.124629 0.674957
2 0.0128906 0.9273 0.0257812 0.127596 0.733806
2 0.373828 0.571958 0.0820312 0.170623 0.78547
2 0.517187 0.652819 0.110937 0.278932 0.828495
2 0.627734 0.316024 0.0898438 0.0652819 0.829023
2 0.355078 0.328635 0.102344 0.078635 0.836834
2 0.555859 0.936202 0.142969 0.127596 0.846267
2 0.0628906 0.698813 0.125781 0.169139 0.875142
2 0.358594 0.767804 0.114063 0.215134 0.895003
2 0.242578 0.591246 0.0898438 0.143917 0.901921
2 0.160938 0.853858 0.154687 0.22997 0.919648
