2 0.504297 0.562315 0.0835937 0.139466 0.638439
2 0.380078 0.554154 0.0726563 0.120178 0.671626
2 0.950391 0.349407 0.0695312 0.0637982 0.679728
2 0.0996094 0.942878 0.169531 0.0994065 0.719845
2 0.7125 0.367211 0.104687 0.0905045 0.744191
2 0.545703 0.931751 0.155469 0.136499 0.780859
2 0.0335938 0.866469 0.065625 0.234421 0.805431
2 0.207813 0.70178 0.121875 0.192878 0.832723
2 0.301172 0.328635 0.0976562 0.0697329 0.836133
2 0.6125 0.475519 0.065625 0.102374 0.836135
2 0.261719 0.550445 0.0890625 0.130564 0.841539
2 0.537891 0.748516 0.121094 0.221068 0.854967
2 0.133594 0.579377 0.103125 0.149852 0.867923
2 0.370313 0.697329 0.103125 0.183976 0.887259
