2 0.341406 0.252967 0.0328125 0.0489614 0.606585
2 0.166016 0.264095 0.0382813 0.0593472 0.616178
2 0.229297 0.328635 0.0414063 0.0548961 0.632905
2 0.938281 0.341988 0.0640625 0.0608309 0.637417
2 0.409766 0.20549 0.0242187 0.0430267 0.641171
2 0.402734 0.281157 0.0414063 0.102374 0.647378
2 0.459766 0.238872 0.0335938 0.0504451 0.655296
2 0.218359 0.396884 0.0585938 0.0845697 0.665457
2 0.194141 0.678783 0.164844 0.310089 0.754649
2 0.362891 0.551929 0.0757812 0.124629 0.820636
2 0.195703 0.464392 0.0789063 0.115727 0.837467
5 0.50625 0.461424 0.117188 0.302671 0.879762
