2 0.120703 0.563798 0.105469 0.127596 0.680157
2 0.0132813 0.928042 0.0265625 0.12908 0.729962
2 0.374609 0.568991 0.0820312 0.164688 0.779325
2 0.517187 0.652819 0.110937 0.278932 0.780531
2 0.7125 0.341246 0.1 0.0801187 0.785145
2 0.555859 0.936202 0.142969 0.127596 0.819328
2 0.0628906 0.698813 0.125781 0.172107 0.87707
2 0.348047 0.87092 0.136719 0.240356 0.878288
2 0.651172 0.385757 0.0757812 0.0830861 0.888441
2 0.242578 0.591246 0.0898438 0.143917 0.892106
2 0.159375 0.856083 0.154687 0.231454 0.915765
