2 0.111328 0.945104 0.172656 0.103858 0.723137
2 0.257812 0.571217 0.09375 0.130564 0.726986
2 0.0445312 0.320475 0.0609375 0.0712166 0.76872
2 0.276172 0.324184 0.0976562 0.0845697 0.800326
2 0.214453 0.690653 0.119531 0.182493 0.853888
2 0.131641 0.582344 0.105469 0.155786 0.854093
2 0.5 0.565282 0.0796875 0.136499 0.867877
2 0.0460938 0.799703 0.0921875 0.228487 0.870419
2 0.383594 0.31454 0.0921875 0.074184 0.885196
2 0.378125 0.607567 0.0859375 0.149852 0.88812
2 0.536719 0.726261 0.10625 0.182493 0.890463
2 0.621484 0.577893 0.0914062 0.135015 0.903125
2 0.366016 0.819733 0.114844 0.221068 0.905151
