2 0.212109 0.416172 0.0601562 0.105341 0.612584
2 0.397266 0.348665 0.0414063 0.0682493 0.620805
2 0.368359 0.583086 0.139844 0.373887 0.681656
5 0.36875 0.586795 0.139062 0.375371 0.683212
2 0.0519531 0.363501 0.0585938 0.0801187 0.700844
2 0.322656 0.325668 0.0453125 0.078635 0.744428
2 0.292188 0.430267 0.059375 0.0919881 0.755441
2 0.248437 0.5727 0.0921875 0.169139 0.8147
2 0.135156 0.585312 0.101562 0.155786 0.823366
2 0.488281 0.482938 0.0671875 0.105341 0.826785
2 0.632031 0.422107 0.071875 0.0934718 0.883973
2 0.530078 0.664688 0.0992187 0.163205 0.88693
