2 0.0558594 0.305638 0.0804688 0.0623145 0.632013
2 0.257422 0.313798 0.0992187 0.0756677 0.651241
2 0.148828 0.321958 0.0882813 0.0682493 0.696912
2 0.498437 0.514095 0.071875 0.123145 0.760375
2 0.372656 0.513353 0.065625 0.118694 0.773553
2 0.251953 0.563056 0.0914062 0.135015 0.776128
2 0.525391 0.632047 0.0992187 0.169139 0.790089
2 0.340234 0.954006 0.139844 0.0801187 0.80498
2 0.3625 0.658754 0.0921875 0.186944 0.805795
2 0.15625 0.898368 0.173438 0.18546 0.818709
2 0.700781 0.346439 0.120312 0.078635 0.847597
2 0.219141 0.698071 0.111719 0.179525 0.868441
2 0.139062 0.557863 0.096875 0.127596 0.870703
2 0.440625 0.313056 0.10625 0.0860534 0.872044
2 0.546094 0.867953 0.135937 0.240356 0.88366
2 0.0425781 0.848665 0.0835937 0.21365 0.896897
