2 0.701953 0.396142 0.105469 0.0890208 0.603214
2 0.451562 0.189169 0.028125 0.0430267 0.605146
2 0.125391 0.930267 0.163281 0.139466 0.639085
2 0.216406 0.279674 0.0796875 0.0608309 0.66356
2 0.947266 0.353858 0.0867188 0.0845697 0.664221
2 0.515625 0.315282 0.0703125 0.0756677 0.669824
2 0.0550781 0.309347 0.0773437 0.0608309 0.750447
2 0.378906 0.557122 0.0765625 0.120178 0.755016
2 0.459766 0.289318 0.0789063 0.0563798 0.792494
2 0.343359 0.916914 0.133594 0.151335 0.816204
2 0.223828 0.671365 0.122656 0.221068 0.819896
2 0.261328 0.549703 0.0882813 0.132047 0.825641
2 0.361328 0.697329 0.0992187 0.195846 0.832838
2 0.567578 0.341988 0.0976562 0.0697329 0.839822
