2 0.180859 0.310831 0.0867188 0.0637982 0.610008
2 0.498437 0.515579 0.0734375 0.120178 0.680069
2 0.372656 0.514837 0.0671875 0.121662 0.726153
2 0.242969 0.276706 0.0765625 0.0608309 0.76367
2 0.251172 0.562315 0.0914062 0.133531 0.789582
2 0.157813 0.897626 0.171875 0.186944 0.792031
2 0.612891 0.29451 0.0835937 0.0578635 0.794317
2 0.525391 0.633531 0.0992187 0.172107 0.80703
2 0.3625 0.658754 0.09375 0.186944 0.811545
2 0.219141 0.698813 0.111719 0.181009 0.872778
2 0.546094 0.867953 0.135937 0.240356 0.883188
2 0.116406 0.607567 0.115625 0.149852 0.91261
