2 0.0429688 0.270772 0.0609375 0.0489614 0.665598
2 0.168359 0.278932 0.0835937 0.0652819 0.721598
2 0.121484 0.566024 0.107031 0.132047 0.805539
2 0.374219 0.568249 0.0828125 0.163205 0.806982
2 0.555469 0.93546 0.14375 0.12908 0.811332
2 0.0542969 0.747774 0.108594 0.195846 0.836602
2 0.591406 0.49184 0.078125 0.111276 0.853837
2 0.516797 0.653561 0.113281 0.271513 0.872136
2 0.348047 0.870178 0.136719 0.238872 0.872902
2 0.242578 0.590504 0.0898438 0.145401 0.894725
2 0.651953 0.672849 0.110156 0.176558 0.896466
2 0.159766 0.856825 0.155469 0.22997 0.912689
