2 0.323438 0.247774 0.0640625 0.0474777 0.681167
2 0.586719 0.958457 0.145313 0.074184 0.717827
2 0.257031 0.571958 0.0953125 0.135015 0.722417
2 0.111328 0.944362 0.172656 0.105341 0.725201
2 0.0515625 0.777448 0.101562 0.219585 0.835172
2 0.606641 0.44362 0.0695312 0.115727 0.84031
2 0.131641 0.582344 0.103906 0.155786 0.843893
2 0.604297 0.319733 0.0914062 0.078635 0.844658
2 0.500391 0.56454 0.0789063 0.135015 0.853326
2 0.214453 0.691395 0.117969 0.183976 0.854244
2 0.378125 0.606825 0.0859375 0.148368 0.88586
2 0.535937 0.726261 0.10625 0.182493 0.893613
2 0.752734 0.880564 0.180469 0.221068 0.896224
2 0.366016 0.820475 0.114844 0.222552 0.902843
