2 0.179297 0.259644 0.0726563 0.0534125 0.61588
2 0.0515625 0.402819 0.0609375 0.0964392 0.636293
2 0.125391 0.928783 0.163281 0.139466 0.731204
2 0.378516 0.55638 0.0757812 0.121662 0.73779
2 0.223438 0.671365 0.125 0.221068 0.773509
2 0.260547 0.54822 0.0882813 0.12908 0.811368
2 0.128516 0.591246 0.0992187 0.149852 0.817837
2 0.344531 0.916914 0.13125 0.154303 0.836404
2 0.360938 0.695846 0.0984375 0.195846 0.854096
2 0.3375 0.330861 0.109375 0.0712166 0.863614
2 0.630469 0.315282 0.0984375 0.0637982 0.868107
2 0.6875 0.712908 0.128125 0.206231 0.870873
