2 0.360938 0.281157 0.034375 0.0548961 0.680378
2 0.0492188 0.396884 0.065625 0.0905045 0.688677
2 0.378516 0.347923 0.0429688 0.0756677 0.70246
2 0.448047 0.280415 0.0351562 0.0504451 0.748464
2 0.292969 0.416172 0.0671875 0.114243 0.77989
2 0.464844 0.344214 0.046875 0.0771513 0.794031
2 0.357422 0.751484 0.0929687 0.24184 0.795364
2 0.090625 0.945104 0.18125 0.109792 0.797889
2 0.380859 0.538576 0.0695312 0.121662 0.816488
2 0.160938 0.517804 0.0859375 0.133531 0.817796
2 0.225391 0.688427 0.116406 0.183976 0.819599
2 0.0570313 0.792285 0.114063 0.225519 0.827278
2 0.529297 0.711424 0.103906 0.179525 0.838693
