2 0.366797 0.979228 0.121094 0.041543 0.606401
7 0.493359 0.5 0.0851562 0.181009 0.618017
7 0.586328 0.925816 0.150781 0.148368 0.631537
2 0.372266 0.571217 0.0820312 0.175074 0.642963
2 0.0347656 0.248516 0.0523437 0.0459941 0.668451
2 0.169531 0.276706 0.0765625 0.0608309 0.742176
2 0.528516 0.691395 0.111719 0.20178 0.770112
2 0.145703 0.549703 0.103906 0.167656 0.821819
2 0.242969 0.597181 0.0984375 0.149852 0.830992
2 0.587109 0.482196 0.0867188 0.109792 0.87646
2 0.366797 0.775964 0.108594 0.189911 0.88426
2 0.181641 0.849407 0.155469 0.22997 0.914133
