5 0.219141 0.368694 0.0476562 0.126113 0.60942
2 0.969141 0.319733 0.0617188 0.0489614 0.666737
2 0.59375 0.263353 0.0703125 0.0519288 0.730331
2 0.389844 0.361276 0.0453125 0.0816024 0.746772
2 0.613672 0.868694 0.236719 0.215134 0.748559
2 0.485938 0.419881 0.05625 0.0949555 0.78245
5 0.46875 0.247033 0.0515625 0.12908 0.791442
2 0.307031 0.375371 0.0546875 0.0949555 0.8014
2 0.379297 0.529674 0.0710938 0.133531 0.825108
2 0.214062 0.659496 0.125 0.179525 0.864245
2 0.353516 0.868694 0.130469 0.247774 0.899283
