2 0.111328 0.944362 0.172656 0.105341 0.700253
2 0.257031 0.571958 0.0953125 0.137982 0.717528
2 0.630859 0.41543 0.0929687 0.10089 0.735329
2 0.584375 0.964392 0.14375 0.0623145 0.741764
2 0.0515625 0.77819 0.101562 0.218101 0.825021
2 0.13125 0.581602 0.104687 0.154303 0.829147
2 0.214453 0.692137 0.117969 0.182493 0.846602
2 0.565625 0.321958 0.103125 0.0771513 0.856982
2 0.5 0.56454 0.0796875 0.135015 0.869445
7 0.658594 0.577893 0.132812 0.277448 0.878931
2 0.377734 0.606825 0.0851562 0.151335 0.886533
2 0.366016 0.820475 0.114844 0.222552 0.901607
2 0.535547 0.724036 0.105469 0.181009 0.90731
