2 0.389453 0.171365 0.0195312 0.0252226 0.654498
2 0.504687 0.560089 0.0828125 0.149852 0.65944
2 0.407422 0.209941 0.0273438 0.0430267 0.682958
2 0.1 0.941395 0.171875 0.105341 0.779897
2 0.546875 0.930267 0.153125 0.139466 0.800565
2 0.207813 0.701039 0.123438 0.197329 0.839912
2 0.262891 0.548961 0.0882813 0.136499 0.84897
2 0.5375 0.748516 0.120312 0.218101 0.856005
2 0.0527344 0.772997 0.103906 0.21365 0.881329
2 0.135937 0.574184 0.1 0.142433 0.886659
2 0.36875 0.699555 0.101562 0.188427 0.88833
