2 0.435547 0.260386 0.0289063 0.0667656 0.658644
2 0.0804688 0.312315 0.0515625 0.0637982 0.686833
2 0.949609 0.348665 0.0695312 0.0623145 0.68685
2 0.381641 0.477003 0.0585938 0.146884 0.752406
2 0.337891 0.272255 0.0351562 0.0608309 0.809773
2 0.190234 0.477003 0.0789063 0.111276 0.824779
2 0.075 0.649852 0.117188 0.160237 0.867759
2 0.336328 0.886499 0.128906 0.212166 0.876793
5 0.479297 0.323442 0.0648438 0.189911 0.883232
2 0.128906 0.902077 0.178125 0.172107 0.887145
2 0.5375 0.774481 0.11875 0.216617 0.887257
2 0.250781 0.631306 0.107813 0.170623 0.901819
