2 0.912109 0.385757 0.105469 0.0979228 0.647875
2 0.380859 0.276706 0.0710938 0.0548961 0.680756
2 0.607031 0.497774 0.0765625 0.149852 0.687258
2 0.125391 0.929525 0.163281 0.14095 0.712317
2 0.0390625 0.279674 0.0578125 0.0489614 0.738555
2 0.378125 0.555638 0.075 0.120178 0.753017
2 0.436328 0.282641 0.0914062 0.0697329 0.795435
2 0.343359 0.917656 0.130469 0.155786 0.814224
2 0.659375 0.345697 0.09375 0.0712166 0.816207
2 0.260938 0.549703 0.0890625 0.132047 0.827115
2 0.360938 0.696588 0.0984375 0.197329 0.840225
2 0.223438 0.671365 0.123438 0.218101 0.863164
