2 0.477344 0.335312 0.0453125 0.0801187 0.641401
2 0.958203 0.344214 0.0804688 0.0682493 0.674929
2 0.445312 0.262611 0.034375 0.0534125 0.686914
2 0.292578 0.431751 0.0585938 0.0919881 0.752612
2 0.322266 0.315282 0.0445312 0.0667656 0.774808
2 0.188672 0.476261 0.0867188 0.115727 0.819445
2 0.391406 0.345697 0.0484375 0.0830861 0.829076
2 0.507812 0.571958 0.075 0.14095 0.835456
2 0.2625 0.589763 0.0953125 0.146884 0.869596
2 0.0863281 0.678042 0.135156 0.169139 0.871426
2 0.139062 0.905044 0.170312 0.181009 0.87211
2 0.3875 0.511869 0.0671875 0.121662 0.876383
2 0.359375 0.807863 0.114063 0.221068 0.899577
2 0.529688 0.849407 0.126563 0.235905 0.904994
