2 0.160156 0.525223 0.084375 0.121662 0.604131
2 0.130469 0.310089 0.0375 0.0682493 0.621105
2 0.969141 0.319733 0.0617188 0.0489614 0.646999
7 0.0640625 0.661721 0.109375 0.234421 0.653728
2 0.382422 0.254451 0.0320312 0.0519288 0.697967
2 0.339063 0.299703 0.046875 0.0860534 0.707865
5 0.477344 0.247033 0.046875 0.120178 0.821642
2 0.303906 0.436202 0.065625 0.0860534 0.842109
2 0.392578 0.500742 0.0695312 0.135015 0.845491
2 0.510938 0.625371 0.0921875 0.179525 0.863994
2 0.192969 0.765579 0.134375 0.216617 0.87482
