1 0.585938 0.925074 0.150000 0.149852
1 0.492578 0.501484 0.085156 0.183976
0 0.372266 0.570475 0.082031 0.173591
0 0.271484 0.279674 0.080469 0.054896
0 0.527734 0.692136 0.113281 0.203264
0 0.145313 0.549703 0.103125 0.164688
0 0.572266 0.284125 0.085156 0.057864
0 0.242578 0.597181 0.099219 0.149852
0 0.367188 0.775964 0.109375 0.189911
0 0.182031 0.850148 0.154688 0.231454
3 0.158984 0.189169 0.047656 0.120178
2 0.760156 0.507418 0.039062 0.109792
2 0.801953 0.506677 0.039844 0.135015
2 0.836719 0.526706 0.035937 0.127596
