0 0.366797 0.979228 0.121094 0.041543
1 0.493359 0.500000 0.085156 0.181009
1 0.586328 0.925816 0.150781 0.148368
0 0.372266 0.571217 0.082031 0.175074
0 0.034766 0.248516 0.052344 0.045994
0 0.169531 0.276706 0.076563 0.060831
0 0.528516 0.691395 0.111719 0.201780
0 0.145703 0.549703 0.103906 0.167656
0 0.242969 0.597181 0.098437 0.149852
0 0.587109 0.482196 0.086719 0.109792
0 0.366797 0.775964 0.108594 0.189911
0 0.181641 0.849407 0.155469 0.229970
2 0.754687 0.505935 0.043750 0.133531
2 0.798438 0.514837 0.029687 0.130564
2 0.832031 0.497033 0.037500 0.109792
2 0.357422 0.263353 0.027344 0.069733
3 0.158984 0.178783 0.047656 0.057864
