0 0.497656 0.514837 0.0703125 0.115727
0 0.372266 0.514095 0.0648438 0.120178
0 0.0480469 0.432493 0.0789063 0.117211
0 0.251563 0.563798 0.0921875 0.133531
0 0.362109 0.656528 0.0914062 0.179525
0 0.525391 0.632047 0.0992187 0.172107
0 0.344141 0.919881 0.141406 0.151335
0 0.244531 0.350148 0.107813 0.0801187
0 0.156641 0.89911 0.174219 0.186944
0 0.138672 0.557863 0.0960938 0.127596
0 0.219531 0.698071 0.110937 0.179525
0 0.0425781 0.847923 0.0835937 0.215134
0 0.546094 0.867211 0.135937 0.238872
