0 0.028516 0.255935 0.038281 0.063798
0 0.556250 0.258160 0.065625 0.053412
0 0.799219 0.959199 0.157812 0.081602
0 0.598828 0.456231 0.063281 0.123145
0 0.557422 0.343472 0.121094 0.078635
0 0.121875 0.566766 0.103125 0.130564
0 0.334375 0.289318 0.087500 0.053412
0 0.374219 0.568991 0.082812 0.161721
0 0.555859 0.936202 0.142969 0.127596
1 0.516406 0.653561 0.112500 0.274481
0 0.467578 0.275223 0.072656 0.063798
0 0.348438 0.870178 0.135937 0.238872
0 0.242578 0.590504 0.089844 0.145401
0 0.160156 0.856083 0.154688 0.231454
