0 0.593359 0.261869 0.066406 0.048961
0 0.443750 0.238131 0.029687 0.037092
0 0.178516 0.260386 0.036719 0.048961
0 0.101953 0.324926 0.050781 0.074184
0 0.948438 0.341246 0.090625 0.071217
0 0.050781 0.316766 0.054688 0.069733
0 0.217578 0.395401 0.063281 0.120178
0 0.395703 0.278932 0.035156 0.056380
0 0.369531 0.588279 0.081250 0.146884
3 0.487500 0.367211 0.079687 0.212166
0 0.321484 0.374629 0.046094 0.072700
1 0.091406 0.229970 0.046875 0.106825
2 0.731250 0.483680 0.043750 0.109792
2 0.646484 0.301187 0.013281 0.089021
2 0.576953 0.218101 0.017969 0.062315
3 0.350781 0.192136 0.034375 0.093472
0 0.324219 0.293769 0.043750 0.062315
0 0.238672 0.257418 0.036719 0.057864
