0 0.366797 0.979228 0.121094 0.041543
1 0.586328 0.925816 0.152344 0.148368
0 0.389062 0.221810 0.029687 0.051929
0 0.372266 0.570475 0.082031 0.170623
1 0.493750 0.502226 0.084375 0.185460
0 0.539844 0.260386 0.068750 0.048961
0 0.242969 0.591246 0.101562 0.158754
0 0.528125 0.692878 0.112500 0.201780
0 0.144922 0.548961 0.102344 0.166172
0 0.367188 0.775964 0.109375 0.189911
0 0.181641 0.849407 0.155469 0.229970
2 0.760156 0.500000 0.039062 0.127596
2 0.806641 0.502967 0.030469 0.112760
2 0.834375 0.505935 0.032813 0.100890
2 0.873828 0.487389 0.038281 0.123145
2 0.051562 0.675816 0.046875 0.140950
2 0.241797 0.299703 0.030469 0.065282
3 0.160547 0.187685 0.061719 0.069733
