0 0.0558594 0.305638 0.0804688 0.0623145
0 0.257422 0.313798 0.0992187 0.0756677
0 0.148828 0.321958 0.0882813 0.0682493
0 0.498437 0.514095 0.071875 0.123145
0 0.372656 0.513353 0.065625 0.118694
0 0.251953 0.563056 0.0914062 0.135015
0 0.525391 0.632047 0.0992187 0.169139
0 0.340234 0.954006 0.139844 0.0801187
0 0.3625 0.658754 0.0921875 0.186944
0 0.15625 0.898368 0.173438 0.18546
0 0.700781 0.346439 0.120312 0.078635
0 0.219141 0.698071 0.111719 0.179525
0 0.139062 0.557863 0.096875 0.127596
0 0.440625 0.313056 0.10625 0.0860534
0 0.546094 0.867953 0.135937 0.240356
0 0.0425781 0.848665 0.0835937 0.21365
