0 0.281641 0.311573 0.086719 0.065282
0 0.498828 0.514837 0.072656 0.118694
0 0.340625 0.954748 0.139063 0.081602
3 0.441016 0.309347 0.203906 0.161721
0 0.372656 0.514095 0.065625 0.120178
0 0.251563 0.562315 0.092188 0.130564
0 0.362500 0.659496 0.092188 0.182493
0 0.155078 0.898368 0.175781 0.188427
0 0.525000 0.632047 0.100000 0.172107
0 0.138672 0.558605 0.096094 0.126113
0 0.637500 0.346439 0.109375 0.075668
0 0.219922 0.697329 0.111719 0.181009
0 0.546094 0.867211 0.135937 0.238872
0 0.042578 0.847923 0.083594 0.215134
1 0.182812 0.327893 0.123438 0.130564
