1 0.587109 0.925816 0.149219 0.148368
1 0.492969 0.501484 0.084375 0.183976
0 0.527734 0.692136 0.113281 0.200297
0 0.517188 0.283383 0.098437 0.068249
0 0.373047 0.570475 0.083594 0.176558
0 0.649219 0.399852 0.090625 0.087537
0 0.144922 0.549703 0.102344 0.164688
0 0.371484 0.319733 0.105469 0.075668
0 0.242969 0.595697 0.098437 0.149852
0 0.367188 0.776706 0.109375 0.191395
0 0.181641 0.849407 0.152344 0.229970
3 0.062500 0.215875 0.093750 0.093472
3 0.156250 0.176558 0.056250 0.068249
2 0.100000 0.375371 0.053125 0.071217
2 0.762891 0.508160 0.033594 0.096439
2 0.912500 0.588279 0.043750 0.137982
2 0.967969 0.705490 0.045312 0.158754
