0 0.366797 0.979228 0.121094 0.041543
1 0.585938 0.925816 0.151562 0.148368
2 0.493359 0.502226 0.083594 0.188427
0 0.042578 0.281157 0.069531 0.060831
0 0.706250 0.324926 0.089063 0.062315
0 0.243359 0.585312 0.099219 0.170623
0 0.235547 0.341988 0.102344 0.084570
0 0.372656 0.571217 0.082812 0.172107
0 0.527734 0.692136 0.113281 0.203264
0 0.145703 0.550445 0.103906 0.163205
0 0.367188 0.776706 0.107813 0.191395
0 0.182031 0.849407 0.154688 0.229970
3 0.159766 0.190653 0.046094 0.063798
2 0.753516 0.508160 0.038281 0.117211
2 0.792578 0.500000 0.050781 0.148368
2 0.829688 0.502226 0.032813 0.093472
2 0.876172 0.506677 0.039844 0.120178
2 0.267969 0.462908 0.029687 0.089021
