0 0.630078 0.284866 0.082031 0.053412
0 0.125391 0.929525 0.163281 0.137982
0 0.059375 0.327151 0.079687 0.066766
0 0.156250 0.310089 0.081250 0.071217
0 0.608984 0.445846 0.077344 0.114243
0 0.378906 0.557122 0.075000 0.123145
0 0.290234 0.318991 0.119531 0.089021
0 0.261719 0.548220 0.087500 0.132047
0 0.343359 0.917656 0.132031 0.152819
0 0.223828 0.671365 0.124219 0.218101
0 0.396875 0.317507 0.101562 0.068249
0 0.546875 0.333828 0.121875 0.068249
0 0.361328 0.698071 0.099219 0.197329
3 0.545703 0.660237 0.177344 0.468843
