0 0.701953 0.396142 0.105469 0.089021
0 0.451562 0.189169 0.028125 0.043027
0 0.125391 0.930267 0.163281 0.139466
0 0.216406 0.279674 0.079687 0.060831
0 0.947266 0.353858 0.086719 0.084570
0 0.515625 0.315282 0.070312 0.075668
0 0.055078 0.309347 0.077344 0.060831
0 0.378906 0.557122 0.076563 0.120178
0 0.459766 0.289318 0.078906 0.056380
0 0.343359 0.916914 0.133594 0.151335
0 0.223828 0.671365 0.122656 0.221068
0 0.261328 0.549703 0.088281 0.132047
0 0.361328 0.697329 0.099219 0.195846
0 0.567578 0.341988 0.097656 0.069733
3 0.547266 0.674332 0.196094 0.455490
