0 0.0496094 0.3227 0.0664062 0.0637982
0 0.407422 0.281899 0.0835937 0.0504451
0 0.591016 0.474777 0.0710938 0.118694
0 0.497656 0.514095 0.0703125 0.120178
0 0.158203 0.896884 0.167969 0.188427
0 0.372656 0.513353 0.065625 0.118694
0 0.18125 0.309347 0.0796875 0.0697329
0 0.525391 0.631306 0.0992187 0.170623
0 0.3625 0.65727 0.0921875 0.186944
0 0.251953 0.563798 0.0914062 0.136499
0 0.314063 0.321958 0.104687 0.0771513
0 0.139062 0.558605 0.096875 0.126113
0 0.219141 0.697329 0.111719 0.181009
0 0.546094 0.867211 0.135937 0.238872
