1 0.491797 0.497033 0.086719 0.175074
0 0.043359 0.270772 0.066406 0.057864
0 0.372266 0.570475 0.082031 0.173591
0 0.527344 0.692136 0.112500 0.203264
0 0.147266 0.546736 0.105469 0.173591
0 0.611719 0.517804 0.093750 0.139466
0 0.356641 0.322700 0.097656 0.066766
0 0.242188 0.596439 0.098437 0.151335
0 0.367188 0.775964 0.109375 0.189911
0 0.181641 0.850148 0.152344 0.231454
3 0.108203 0.190653 0.050781 0.090504
3 0.160547 0.184718 0.036719 0.072700
2 0.579297 0.382047 0.041406 0.084570
2 0.650000 0.393917 0.045312 0.090504
2 0.762891 0.502226 0.033594 0.093472
