0 0.366797 0.979228 0.121094 0.041543
1 0.585938 0.925816 0.151562 0.148368
0 0.372266 0.571217 0.082031 0.175074
0 0.141016 0.550445 0.096094 0.166172
0 0.528125 0.691395 0.112500 0.201780
0 0.241797 0.596439 0.102344 0.148368
0 0.367188 0.775964 0.109375 0.189911
0 0.182031 0.850148 0.154688 0.231454
3 0.159375 0.180267 0.056250 0.090504
2 0.755859 0.507418 0.041406 0.130564
2 0.801172 0.505193 0.030469 0.117211
2 0.837500 0.501484 0.031250 0.089021
2 0.921875 0.569733 0.046875 0.130564
1 0.494922 0.487389 0.100781 0.173591
