0 0.366797 0.979228 0.121094 0.041543
1 0.585938 0.925074 0.151562 0.149852
0 0.389453 0.163947 0.019531 0.031157
1 0.493750 0.502226 0.084375 0.185460
0 0.372266 0.571958 0.083594 0.176558
0 0.243359 0.593472 0.100781 0.157270
0 0.528125 0.691395 0.112500 0.201780
0 0.145313 0.550445 0.101562 0.169139
0 0.367188 0.775964 0.109375 0.189911
0 0.182031 0.849407 0.154688 0.229970
2 0.514844 0.237389 0.018750 0.050445
2 0.763281 0.508160 0.034375 0.132047
2 0.796094 0.493323 0.045312 0.117211
2 0.836328 0.500000 0.039844 0.127596
2 0.878516 0.498516 0.047656 0.148368
2 0.060547 0.673591 0.050781 0.139466
2 0.244922 0.491098 0.038281 0.089021
