0 0.477344 0.335312 0.045312 0.080119
0 0.958203 0.344214 0.080469 0.068249
0 0.445312 0.262611 0.034375 0.053412
0 0.292578 0.431751 0.058594 0.091988
0 0.322266 0.315282 0.044531 0.066766
0 0.188672 0.476261 0.086719 0.115727
0 0.391406 0.345697 0.048438 0.083086
0 0.507812 0.571958 0.075000 0.140950
0 0.262500 0.589763 0.095312 0.146884
0 0.086328 0.678042 0.135156 0.169139
0 0.139063 0.905045 0.170313 0.181009
0 0.387500 0.511869 0.067187 0.121662
0 0.359375 0.807864 0.114062 0.221068
0 0.529687 0.849407 0.126562 0.235905
3 0.096094 0.224777 0.070312 0.102374
