0 0.935547 0.327151 0.0757812 0.0489614
0 0.976172 0.319733 0.0476562 0.0459941
0 0.919531 0.319733 0.0453125 0.0311573
0 0.227344 0.178783 0.0234375 0.0341246
0 0.140234 0.219585 0.0320312 0.0385757
0 0.176953 0.220326 0.0289063 0.0341246
0 0.0988281 0.220326 0.0414063 0.0519288
0 0.617578 0.54822 0.0804688 0.12908
0 0.253125 0.180267 0.01875 0.0252226
0 0.216406 0.221068 0.0296875 0.0385757
2 0.562891 0.741098 0.221094 0.502967
0 0.260938 0.59273 0.090625 0.143917
0 0.374609 0.543027 0.0757812 0.130564
0 0.371094 0.764095 0.096875 0.249258
0 0.196875 0.810831 0.146875 0.232938
