0 0.244531 0.189169 0.0234375 0.0400593
0 0.923437 0.320475 0.05 0.0296736
0 0.264844 0.200297 0.025 0.0385757
0 0.180859 0.217359 0.0335938 0.0341246
0 0.216797 0.219585 0.0273438 0.0326409
0 0.142188 0.296736 0.05625 0.0623145
0 0.0613281 0.244065 0.0429688 0.0459941
0 0.135937 0.22181 0.03125 0.037092
0 0.373828 0.522997 0.0695312 0.0905045
0 0.33125 0.92359 0.142188 0.146884
0 0.270703 0.549703 0.0804688 0.14095
0 0.377344 0.643175 0.0796875 0.215134
0 0.186719 0.321217 0.10625 0.078635
0 0.709766 0.353116 0.102344 0.0801187
2 0.541016 0.672107 0.164844 0.492582
0 0.0449219 0.793027 0.0882813 0.200297
0 0.224219 0.72181 0.123438 0.191395
