0 0.223828 0.324184 0.0398437 0.0341246
1 0.460547 0.149852 0.0273438 0.0563798
1 0.404297 0.209941 0.0320312 0.0756677
0 0.396484 0.277448 0.0351562 0.0563798
0 0.429297 0.183234 0.0242187 0.0341246
0 0.449219 0.219585 0.028125 0.041543
0 0.358594 0.192136 0.01875 0.0281899
0 0.391406 0.329377 0.040625 0.0563798
0 0.2375 0.256677 0.03125 0.0623145
0 0.214844 0.37908 0.05625 0.0994065
0 0.48125 0.383531 0.05625 0.0964392
0 0.948047 0.349407 0.0710938 0.0667656
1 0.385547 0.456973 0.0804688 0.204748
0 0.466016 0.265579 0.0367187 0.0563798
0 0.183984 0.462166 0.0726563 0.108309
0 0.350391 0.847181 0.125781 0.228487
