0 0.139453 0.222552 0.0273438 0.0356083
0 0.217969 0.215134 0.028125 0.0385757
0 0.178516 0.220326 0.0367187 0.0400593
0 0.262891 0.208457 0.0242187 0.0341246
0 0.040625 0.305638 0.0625 0.0623145
0 0.111328 0.946588 0.172656 0.103858
0 0.975 0.37092 0.05 0.0712166
0 0.703125 0.385015 0.107813 0.105341
0 0.257031 0.571217 0.0953125 0.136499
0 0.63125 0.331602 0.090625 0.0608309
0 0.131641 0.58457 0.105469 0.15727
0 0.5 0.565282 0.0796875 0.139466
0 0.214062 0.689911 0.11875 0.181009
0 0.378125 0.608309 0.0859375 0.151335
0 0.536328 0.727745 0.105469 0.18546
0 0.366016 0.820475 0.114844 0.219585
