0 0.0914062 0.331602 0.065625 0.102374
0 0.414062 0.152077 0.01875 0.0400593
0 0.242188 0.255193 0.040625 0.0593472
0 0.129297 0.255193 0.0335938 0.0385757
0 0.187891 0.243323 0.0335938 0.041543
0 0.438281 0.223294 0.0265625 0.0578635
0 0.392188 0.251484 0.0328125 0.037092
1 0.0925781 0.328635 0.0632813 0.105341
0 0.392188 0.192136 0.0203125 0.0281899
0 0.129297 0.934718 0.163281 0.127596
0 0.0441406 0.327893 0.0476562 0.0652819
0 0.39375 0.301187 0.0390625 0.0563798
0 0.328906 0.291543 0.0375 0.0637982
0 0.218359 0.370178 0.0601562 0.0994065
0 0.161328 0.271513 0.0414063 0.0504451
0 0.386328 0.433234 0.0554687 0.130564
0 0.278516 0.484421 0.0757812 0.114243
2 0.484766 0.311573 0.0554687 0.160237
2 0.540625 0.651335 0.178125 0.486647
