1 0.113672 0.198071 0.0585938 0.0816024
0 0.0613281 0.243323 0.0414063 0.041543
0 0.628516 0.376855 0.0554687 0.0771513
0 0.229687 0.198071 0.0296875 0.0519288
2 0.492969 0.503709 0.0875 0.188427
0 0.138672 0.222552 0.0273438 0.0356083
0 0.644922 0.337537 0.108594 0.0727003
1 0.588281 0.933234 0.145313 0.124629
0 0.940625 0.340504 0.071875 0.0697329
0 0.367188 0.979228 0.121875 0.041543
1 0.493359 0.502226 0.0851562 0.18546
0 0.527344 0.691395 0.1125 0.20178
0 0.372266 0.570475 0.0820312 0.173591
0 0.517969 0.277448 0.0859375 0.0652819
0 0.242578 0.596439 0.0976562 0.151335
0 0.145313 0.551187 0.101562 0.161721
0 0.608203 0.50816 0.0851562 0.117211
0 0.408984 0.324926 0.102344 0.0682493
0 0.367188 0.776706 0.109375 0.191395
0 0.181641 0.850148 0.152344 0.231454
