2 0.446484 0.14095 0.0273438 0.0504451
0 0.701953 0.285608 0.0539063 0.0519288
0 0.15 0.287834 0.0421875 0.0593472
0 0.430859 0.218843 0.0320312 0.0548961
1 0.194922 0.451039 0.0585938 0.124629
0 0.388672 0.160979 0.0179687 0.0311573
0 0.239844 0.264837 0.0328125 0.0637982
0 0.21875 0.385015 0.0546875 0.0964392
0 0.360938 0.219585 0.0265625 0.041543
0 0.969141 0.320475 0.0617188 0.0504451
0 0.0535156 0.37092 0.0648438 0.0919881
0 0.385938 0.375371 0.046875 0.0860534
0 0.65 0.865727 0.290625 0.244807
0 0.399609 0.299703 0.0382813 0.0652819
0 0.299609 0.398368 0.0570313 0.0845697
0 0.345703 0.271513 0.0351562 0.0534125
0 0.366016 0.545994 0.0773437 0.133531
0 0.196484 0.754451 0.128906 0.197329
2 0.486328 0.304154 0.0648438 0.15727
