0 0.260547 0.155045 0.0164062 0.0311573
0 0.140625 0.218101 0.046875 0.0474777
0 0.153516 0.21365 0.0289063 0.0326409
0 0.988281 0.349407 0.0234375 0.0637982
0 0.127734 0.227003 0.0304688 0.041543
0 0.220313 0.214392 0.028125 0.037092
0 0.179688 0.216617 0.028125 0.0385757
0 0.380078 0.552671 0.0710938 0.117211
0 0.949609 0.349407 0.0757812 0.0667656
0 0.504687 0.563056 0.084375 0.14095
0 0.614844 0.524481 0.084375 0.149852
0 0.2625 0.551187 0.0875 0.14095
0 0.536719 0.744065 0.121875 0.209199
0 0.367969 0.699555 0.101562 0.188427
