0 0.203906 0.202522 0.026562 0.043027
0 0.980078 0.319733 0.038281 0.037092
0 0.859766 0.367953 0.152344 0.109792
0 0.175781 0.219585 0.032813 0.038576
1 0.371875 0.570475 0.082812 0.176558
0 0.371875 0.571217 0.081250 0.175074
0 0.228906 0.198813 0.031250 0.050445
0 0.366797 0.979228 0.121094 0.041543
0 0.949609 0.341246 0.092969 0.077151
0 0.143359 0.220326 0.030469 0.043027
1 0.494531 0.511869 0.087500 0.192878
0 0.652344 0.402819 0.090625 0.090504
0 0.243359 0.597181 0.097656 0.149852
0 0.367188 0.776706 0.107813 0.191395
0 0.151953 0.905786 0.174219 0.179525
