0 0.276953 0.302671 0.0320312 0.0474777
0 0.255078 0.247774 0.0695312 0.0623145
0 0.218359 0.217359 0.0273438 0.0341246
0 0.177734 0.221068 0.0335938 0.0356083
0 0.973828 0.347181 0.0523437 0.074184
0 0.139453 0.222552 0.0273438 0.0356083
0 0.0445312 0.282641 0.06875 0.0548961
0 0.111719 0.945104 0.171875 0.103858
0 0.587109 0.958457 0.147656 0.074184
0 0.257422 0.571958 0.0945313 0.135015
0 0.0515625 0.777448 0.101562 0.216617
0 0.628516 0.417656 0.0835937 0.102374
0 0.131641 0.581602 0.103906 0.154303
0 0.214453 0.691395 0.117969 0.181009
0 0.500391 0.565282 0.0789063 0.136499
0 0.378516 0.606825 0.0851562 0.151335
0 0.675 0.68546 0.121875 0.181009
0 0.535937 0.724036 0.10625 0.181009
0 0.366406 0.821217 0.114063 0.221068
