0 0.259375 0.209941 0.0265625 0.0341246
0 0.153125 0.216617 0.025 0.0326409
0 0.390625 0.12908 0.0140625 0.0207715
0 0.277734 0.195104 0.0242187 0.0341246
1 0.380859 0.551929 0.0664062 0.109792
0 0.0726563 0.235163 0.040625 0.0459941
0 0.127734 0.229228 0.0320312 0.0400593
0 0.179688 0.216617 0.028125 0.0356083
0 0.220703 0.214392 0.0273438 0.0341246
0 0.390234 0.175816 0.0195312 0.0252226
0 0.299219 0.934718 0.171875 0.121662
0 0.380078 0.553412 0.0726563 0.118694
0 0.504687 0.559347 0.0828125 0.148368
0 0.404687 0.216617 0.0328125 0.0474777
0 0.0996094 0.941395 0.171094 0.105341
0 0.546484 0.930267 0.152344 0.139466
0 0.207813 0.701039 0.123438 0.197329
0 0.262891 0.548961 0.0882813 0.136499
0 0.5375 0.748516 0.120312 0.218101
0 0.0527344 0.773739 0.103906 0.212166
0 0.135937 0.574184 0.1 0.142433
0 0.36875 0.699555 0.101562 0.188427
