0 0.192969 0.210682 0.021875 0.0326409
1 0.74375 0.369436 0.121875 0.118694
0 0.134766 0.215875 0.0320312 0.0519288
0 0.494531 0.505193 0.0515625 0.0578635
0 0.25625 0.179525 0.01875 0.0237389
0 0.739844 0.367953 0.128125 0.121662
0 0.401953 0.158012 0.0195312 0.0519288
0 0.975 0.321958 0.05 0.0504451
0 0.220703 0.20549 0.0273438 0.0459941
0 0.171875 0.22181 0.0296875 0.0400593
0 0.403516 0.140208 0.0164062 0.0281899
0 0.401172 0.175816 0.0210938 0.0341246
0 0.408203 0.275223 0.0804688 0.0578635
0 0.121875 0.567507 0.103125 0.132047
0 0.555859 0.936202 0.142969 0.127596
0 0.374219 0.568991 0.0828125 0.161721
0 0.491797 0.290801 0.0882813 0.0623145
0 0.517187 0.653561 0.110937 0.280415
0 0.348047 0.870178 0.136719 0.238872
0 0.242578 0.590504 0.0898438 0.145401
0 0.159375 0.856083 0.154687 0.231454
