0 0.392188 0.13724 0.015625 0.0252226
0 0.217578 0.218843 0.0289063 0.0341246
0 0.264844 0.203264 0.0234375 0.0385757
0 0.136719 0.224777 0.03125 0.0341246
0 0.18125 0.216617 0.0328125 0.0356083
0 0.388672 0.173591 0.0242187 0.0385757
0 0.125391 0.276706 0.0835937 0.0608309
0 0.374219 0.52003 0.0703125 0.0875371
0 0.33125 0.922849 0.142188 0.148368
0 0.271484 0.549703 0.0804688 0.14095
0 0.377344 0.644659 0.0796875 0.218101
2 0.541016 0.672107 0.164844 0.489614
0 0.156641 0.535608 0.0851562 0.136499
0 0.0539063 0.714392 0.107813 0.188427
0 0.224219 0.72181 0.123438 0.191395
