0 0.21875 0.215875 0.028125 0.0341246
0 0.266797 0.202522 0.0289063 0.0311573
0 0.398438 0.181751 0.021875 0.0311573
0 0.177734 0.220326 0.0335938 0.037092
0 0.384766 0.147626 0.0132813 0.0252226
0 0.357031 0.240356 0.053125 0.0504451
0 0.25625 0.268546 0.0671875 0.0652819
0 0.138672 0.223294 0.0273438 0.037092
0 0.432031 0.18546 0.0203125 0.0296736
0 0.257031 0.571958 0.09375 0.135015
0 0.111328 0.944362 0.172656 0.105341
0 0.586328 0.958457 0.144531 0.074184
0 0.0515625 0.77819 0.101562 0.218101
0 0.214453 0.690653 0.117969 0.182493
0 0.132812 0.579377 0.110937 0.143917
0 0.640625 0.414688 0.0875 0.0964392
0 0.500391 0.56454 0.0789063 0.135015
0 0.378516 0.607567 0.0851562 0.149852
0 0.535937 0.726261 0.10625 0.182493
0 0.366016 0.821217 0.114844 0.224036
