0 0.436719 0.201039 0.0265625 0.0459941
1 0.219531 0.401335 0.090625 0.137982
0 0.393359 0.198813 0.0210938 0.0385757
0 0.938281 0.3227 0.0640625 0.0400593
0 0.357031 0.183234 0.01875 0.037092
0 0.0671875 0.307122 0.0484375 0.0652819
0 0.446484 0.255193 0.0304688 0.0445104
0 0.148047 0.546736 0.0898438 0.152819
0 0.392578 0.282641 0.0367187 0.0519288
0 0.329688 0.290801 0.0390625 0.0623145
0 0.457812 0.333828 0.0453125 0.074184
0 0.144141 0.899852 0.178906 0.18546
0 0.376563 0.462166 0.0625 0.114243
0 0.372656 0.343472 0.0421875 0.0727003
0 0.271484 0.513353 0.0898438 0.145401
0 0.482812 0.446588 0.0640625 0.130564
0 0.0441406 0.851632 0.0867188 0.228487
0 0.362891 0.749258 0.100781 0.183976
