0 0.153516 0.216617 0.0257812 0.0326409
0 0.259375 0.211424 0.0265625 0.0311573
0 0.971484 0.36276 0.0570313 0.0608309
1 0.381641 0.552671 0.0679687 0.111276
0 0.945703 0.335312 0.0617188 0.041543
0 0.4125 0.164688 0.01875 0.0296736
0 0.127344 0.227745 0.034375 0.037092
0 0.179688 0.216617 0.028125 0.0385757
0 0.221484 0.21365 0.0289063 0.0356083
0 0.299219 0.936202 0.171875 0.124629
0 0.380078 0.553412 0.0726563 0.118694
0 0.956641 0.349407 0.0789063 0.0608309
0 0.504687 0.56454 0.084375 0.137982
0 0.0929687 0.954748 0.165625 0.0816024
0 0.696094 0.392433 0.107813 0.0905045
0 0.597656 0.507418 0.0796875 0.127596
0 0.102344 0.27819 0.0625 0.0578635
0 0.567969 0.386499 0.0640625 0.0905045
0 0.545703 0.931751 0.155469 0.136499
0 0.261328 0.549703 0.0898438 0.135015
0 0.33125 0.278932 0.0859375 0.0563798
0 0.13125 0.587537 0.10625 0.154303
0 0.5375 0.747774 0.120312 0.219585
0 0.207422 0.702522 0.121094 0.191395
0 0.368359 0.699555 0.100781 0.188427
