0 0.267969 0.216617 0.03125 0.041543
0 0.03125 0.355341 0.034375 0.078635
0 0.369531 0.481454 0.0765625 0.176558
1 0.0640625 0.242582 0.0859375 0.111276
0 0.105469 0.329377 0.059375 0.0979228
0 0.56875 0.969585 0.146875 0.0608309
0 0.239844 0.247774 0.0296875 0.0385757
0 0.180469 0.260386 0.0359375 0.0400593
2 0.0636719 0.243323 0.0851562 0.106825
0 0.414453 0.186944 0.0242187 0.0326409
0 0.360156 0.237389 0.028125 0.0445104
1 0.369141 0.479228 0.0742188 0.163205
0 0.128906 0.909496 0.164062 0.163205
0 0.4 0.363501 0.053125 0.0890208
0 0.396094 0.283383 0.034375 0.0504451
0 0.479688 0.430267 0.0609375 0.118694
0 0.520312 0.614243 0.0984375 0.183976
0 0.197266 0.441395 0.0695312 0.0964392
0 0.244922 0.578635 0.0945313 0.163205
0 0.318359 0.341246 0.0476562 0.0801187
0 0.133984 0.575668 0.111719 0.181009
