1 0.394141 0.175074 0.0320312 0.0682493
0 0.178906 0.217359 0.0234375 0.0341246
0 0.358203 0.214392 0.0257812 0.0430267
0 0.264453 0.206973 0.0226563 0.0341246
0 0.418359 0.163205 0.0226563 0.0385757
0 0.405859 0.22997 0.0273438 0.041543
0 0.071875 0.300445 0.0484375 0.0637982
0 0.335156 0.268546 0.034375 0.0504451
0 0.396875 0.244065 0.0390625 0.0548961
0 0.0402344 0.411721 0.0757812 0.105341
0 0.240625 0.251484 0.0296875 0.0637982
0 0.444531 0.183976 0.0234375 0.041543
0 0.223828 0.338279 0.0445312 0.0860534
0 0.393359 0.259644 0.0335938 0.0445104
0 0.328125 0.329377 0.0484375 0.0801187
0 0.05625 0.712166 0.1125 0.231454
0 0.205469 0.425074 0.06875 0.0875371
0 0.152734 0.540801 0.0960938 0.135015
0 0.2875 0.462166 0.0703125 0.126113
0 0.548047 0.251484 0.0601562 0.0578635
