0 0.263281 0.206231 0.028125 0.0385757
0 0.228906 0.197329 0.028125 0.0504451
0 0.392188 0.215134 0.0234375 0.0474777
0 0.139453 0.221068 0.0304688 0.0356083
1 0.491797 0.497033 0.0851562 0.178042
0 0.366797 0.979228 0.121094 0.041543
2 0.492188 0.5 0.084375 0.192878
1 0.586719 0.925074 0.151562 0.149852
0 0.508203 0.253709 0.0617188 0.0534125
0 0.242578 0.593472 0.0992187 0.154303
0 0.372656 0.571958 0.0828125 0.173591
0 0.527734 0.691395 0.113281 0.20178
0 0.145313 0.549703 0.101562 0.164688
0 0.367188 0.775964 0.109375 0.189911
0 0.182031 0.850148 0.154687 0.231454
