0 0.237891 0.151335 0.0289063 0.0296736
0 0.920703 0.3227 0.0476562 0.037092
0 0.18125 0.218843 0.0265625 0.037092
0 0.167187 0.181009 0.0234375 0.0296736
0 0.217187 0.169881 0.0203125 0.0252226
0 0.220703 0.359792 0.0445312 0.078635
0 0.0703125 0.287092 0.0640625 0.0548961
0 0.199609 0.429525 0.0695312 0.111276
0 0.125 0.930267 0.179688 0.130564
0 0.713281 0.34273 0.101562 0.0830861
0 0.349219 0.290059 0.06875 0.0608309
0 0.596484 0.507418 0.0757812 0.127596
0 0.491406 0.321217 0.0921875 0.0667656
0 0.364453 0.610534 0.0742188 0.143917
0 0.525781 0.712166 0.107813 0.183976
0 0.117969 0.602374 0.120312 0.154303
