0 0.398438 0.270772 0.05625 0.0459941
0 0.0359375 0.274481 0.053125 0.0504451
0 0.414844 0.316024 0.0984375 0.074184
0 0.498437 0.515579 0.0703125 0.117211
0 0.372266 0.514837 0.0648438 0.118694
0 0.157422 0.897626 0.171094 0.186944
0 0.525781 0.633531 0.1 0.169139
0 0.362891 0.660979 0.0929687 0.182493
0 0.251563 0.562315 0.090625 0.130564
0 0.342969 0.284866 0.0796875 0.0563798
0 0.137891 0.563798 0.0960938 0.136499
0 0.216797 0.702522 0.108594 0.182493
0 0.546094 0.867953 0.1375 0.240356
0 0.710547 0.79451 0.147656 0.22997
