0 0.494922 0.505193 0.0507812 0.0548961
0 0.137891 0.223294 0.0367187 0.0400593
0 0.258594 0.215875 0.025 0.0341246
0 0.217578 0.206973 0.0273438 0.0459941
0 0.171094 0.222552 0.0296875 0.0385757
0 0.120312 0.56454 0.104687 0.126113
0 0.0128906 0.9273 0.0257812 0.130564
0 0.374609 0.568249 0.0820312 0.163205
0 0.517187 0.652077 0.1125 0.274481
0 0.555859 0.936202 0.142969 0.127596
0 0.356641 0.323442 0.0898438 0.0712166
0 0.0625 0.699555 0.125 0.170623
0 0.242578 0.591246 0.0898438 0.143917
0 0.347656 0.869436 0.135937 0.243323
0 0.159375 0.856083 0.154687 0.231454
