0 0.18125 0.217359 0.034375 0.037092
0 0.264844 0.20178 0.025 0.0385757
0 0.216016 0.219585 0.0289063 0.0326409
0 0.135547 0.221068 0.0304688 0.0385757
0 0.0847656 0.230712 0.0382813 0.0430267
0 0.330859 0.922849 0.142969 0.148368
0 0.374219 0.52003 0.0703125 0.0905045
0 0.270703 0.548961 0.0804688 0.142433
0 0.173438 0.264837 0.075 0.0608309
2 0.541016 0.671365 0.164844 0.491098
0 0.377734 0.647626 0.0804688 0.215134
0 0.589063 0.260386 0.075 0.0578635
0 0.155859 0.535608 0.0835937 0.136499
0 0.247266 0.347181 0.113281 0.0771513
0 0.223828 0.720326 0.122656 0.191395
