0 0.259766 0.212908 0.0257812 0.0311573
0 0.0316406 0.249258 0.0460938 0.0534125
0 0.179297 0.217359 0.0273438 0.037092
0 0.127734 0.227745 0.0304688 0.0400593
0 0.221094 0.215134 0.028125 0.0326409
0 0.871094 0.373145 0.126563 0.114243
0 0.299609 0.93546 0.172656 0.123145
0 0.380078 0.553412 0.0726563 0.118694
0 0.504687 0.563056 0.084375 0.14095
0 0.949219 0.348665 0.06875 0.0652819
0 0.1 0.941395 0.171875 0.102374
0 0.545703 0.931751 0.155469 0.136499
0 0.527344 0.253709 0.065625 0.0563798
0 0.261328 0.551187 0.0898438 0.135015
0 0.537109 0.746291 0.121094 0.219585
0 0.207813 0.702522 0.123438 0.194362
0 0.36875 0.699555 0.101562 0.188427
0 0.0527344 0.772997 0.103906 0.21365
0 0.135547 0.573442 0.100781 0.14095
