0 0.216797 0.221068 0.0273438 0.0326409
0 0.235156 0.203264 0.021875 0.0385757
0 0.184766 0.216617 0.0289063 0.0326409
1 0.54375 0.656528 0.16875 0.467359
0 0.267188 0.208457 0.028125 0.0311573
2 0.541406 0.658012 0.176563 0.461424
0 0.046875 0.419139 0.0578125 0.0845697
0 0.405469 0.161721 0.0203125 0.0326409
0 0.354688 0.224777 0.04375 0.0548961
0 0.378906 0.555638 0.075 0.120178
0 0.125781 0.928783 0.1625 0.139466
0 0.128516 0.586053 0.105469 0.142433
0 0.223438 0.671365 0.125 0.218101
0 0.260547 0.54822 0.0882813 0.132047
0 0.614453 0.508902 0.0757812 0.133531
0 0.34375 0.917656 0.132812 0.152819
0 0.361328 0.696588 0.0992187 0.194362
0 0.299219 0.339021 0.104687 0.0756677
