0 0.163281 0.195104 0.025 0.037092
0 0.142188 0.22181 0.034375 0.037092
0 0.184766 0.218843 0.0273438 0.0341246
1 0.54375 0.656528 0.16875 0.470326
2 0.541406 0.658012 0.178125 0.458457
0 0.253906 0.179525 0.01875 0.0267062
0 0.982813 0.341988 0.034375 0.0816024
0 0.222656 0.216617 0.028125 0.0326409
0 0.755469 0.378338 0.0875 0.0919881
0 0.9375 0.341988 0.065625 0.0608309
0 0.125391 0.928783 0.163281 0.139466
0 0.378906 0.557122 0.075 0.120178
0 0.768359 0.872404 0.177344 0.231454
0 0.34375 0.916914 0.13125 0.154303
0 0.260938 0.548961 0.0890625 0.130564
0 0.223828 0.671365 0.124219 0.218101
0 0.361328 0.696588 0.0992187 0.194362
0 0.563281 0.252226 0.0609375 0.0504451
