0 0.272266 0.200297 0.0304688 0.0326409
0 0.269531 0.21365 0.028125 0.0356083
0 0.367578 0.132789 0.0164062 0.0341246
0 0.932813 0.320475 0.0546875 0.0296736
0 0.357812 0.178042 0.0171875 0.0385757
0 0.445703 0.145401 0.0273438 0.0534125
0 0.247266 0.260386 0.0382813 0.0637982
0 0.224609 0.411721 0.0617188 0.0905045
0 0.225781 0.330119 0.04375 0.0727003
0 0.278516 0.186202 0.0257812 0.0341246
0 0.421875 0.173591 0.021875 0.0385757
0 0.391016 0.155045 0.0195312 0.0311573
0 0.158594 0.505935 0.08125 0.115727
0 0.414062 0.232938 0.053125 0.0504451
0 0.0640625 0.704748 0.128125 0.189911
