0 0.23125 0.206231 0.0203125 0.0356083
0 0.265234 0.20178 0.0242187 0.0385757
0 0.123047 0.232196 0.0289063 0.037092
0 0.173438 0.224036 0.0296875 0.0356083
0 0.216406 0.220326 0.0265625 0.0341246
0 0.0375 0.439911 0.053125 0.0934718
0 0.3875 0.14911 0.01875 0.0222552
0 0.487109 0.230712 0.0335938 0.0430267
0 0.275781 0.52819 0.075 0.142433
0 0.422656 0.186944 0.021875 0.0326409
0 0.330859 0.922849 0.142969 0.148368
0 0.373437 0.521513 0.071875 0.0875371
0 0.377344 0.643917 0.0796875 0.21365
0 0.15625 0.535608 0.0859375 0.136499
2 0.539062 0.666172 0.164062 0.492582
0 0.0582031 0.692878 0.116406 0.172107
0 0.224219 0.718843 0.123438 0.194362
