0 0.393359 0.249258 0.0304688 0.0445104
0 0.394922 0.199555 0.0210938 0.037092
0 0.0226563 0.341988 0.034375 0.0816024
0 0.164062 0.183976 0.021875 0.0296736
0 0.39375 0.217359 0.025 0.0578635
0 0.219141 0.183234 0.0195312 0.0281899
0 0.354688 0.212908 0.0234375 0.0578635
0 0.389062 0.152819 0.0171875 0.0326409
0 0.141016 0.214392 0.0273438 0.037092
0 0.244531 0.267804 0.0390625 0.0727003
0 0.21875 0.370178 0.0578125 0.0994065
2 0.477344 0.225519 0.046875 0.127596
0 0.169922 0.252226 0.0367187 0.0504451
0 0.661328 0.281157 0.0789063 0.0519288
0 0.0789063 0.339763 0.05625 0.074184
0 0.384766 0.341988 0.0445312 0.078635
