2 0.427344 0.324926 0.0984375 0.0771513 0.664433
2 0.498437 0.515579 0.0703125 0.117211 0.737426
2 0.373047 0.514095 0.0648438 0.120178 0.769475
2 0.157422 0.897626 0.171094 0.186944 0.791805
2 0.525391 0.633531 0.0992187 0.169139 0.817612
2 0.363281 0.660237 0.09375 0.183976 0.823782
2 0.251563 0.562315 0.090625 0.130564 0.829303
2 0.327734 0.284125 0.0773437 0.0548961 0.851029
2 0.137891 0.565282 0.0960938 0.139466 0.864687
2 0.219531 0.698813 0.110937 0.181009 0.877074
2 0.546094 0.867953 0.1375 0.240356 0.898704
2 0.701172 0.772255 0.146094 0.221068 0.907937
2 0.427344 0.324926 0.0984375 0.0771513 0.664433
2 0.498437 0.515579 0.0703125 0.117211 0.737426
2 0.373047 0.514095 0.0648438 0.120178 0.769475
2 0.157422 0.897626 0.171094 0.186944 0.791805
2 0.525391 0.633531 0.0992187 0.169139 0.817612
2 0.363281 0.660237 0.09375 0.183976 0.823782
2 0.251563 0.562315 0.090625 0.130564 0.829303
2 0.327734 0.284125 0.0773437 0.0548961 0.851029
2 0.137891 0.565282 0.0960938 0.139466 0.864687
2 0.219531 0.698813 0.110937 0.181009 0.877074
2 0.546094 0.867953 0.1375 0.240356 0.898704
2 0.701172 0.772255 0.146094 0.221068 0.907937
