2 0.473828 0.350148 0.0398437 0.0534125 0.638961
2 0.0132813 0.9273 0.0265625 0.130564 0.735996
2 0.269922 0.512611 0.0820312 0.135015 0.777302
2 0.486328 0.447329 0.0726563 0.155786 0.814306
2 0.311719 0.347181 0.0453125 0.0771513 0.819442
2 0.133984 0.550445 0.105469 0.139466 0.824635
2 0.386719 0.385757 0.0546875 0.0949555 0.849441
2 0.36875 0.629822 0.090625 0.170623 0.86205
2 0.071875 0.6773 0.125 0.170623 0.880389
2 0.350391 0.866469 0.133594 0.246291 0.881244
2 0.522656 0.744065 0.114063 0.206231 0.911529
