2 0.111328 0.946588 0.172656 0.103858 0.649409
2 0.975 0.37092 0.05 0.0712166 0.690177
2 0.703125 0.385015 0.107813 0.105341 0.737529
2 0.257031 0.571217 0.0953125 0.136499 0.744082
2 0.63125 0.331602 0.090625 0.0608309 0.765498
2 0.131641 0.58457 0.105469 0.15727 0.832012
2 0.5 0.565282 0.0796875 0.139466 0.851544
2 0.214062 0.689911 0.11875 0.181009 0.867546
2 0.378125 0.608309 0.0859375 0.151335 0.883465
2 0.536328 0.727745 0.105469 0.18546 0.890223
2 0.366016 0.820475 0.114844 0.219585 0.904171
2 0.111328 0.946588 0.172656 0.103858 0.649409
2 0.975 0.37092 0.05 0.0712166 0.690177
2 0.703125 0.385015 0.107813 0.105341 0.737529
2 0.257031 0.571217 0.0953125 0.136499 0.744082
2 0.63125 0.331602 0.090625 0.0608309 0.765498
2 0.131641 0.58457 0.105469 0.15727 0.832012
2 0.5 0.565282 0.0796875 0.139466 0.851544
2 0.214062 0.689911 0.11875 0.181009 0.867546
2 0.378125 0.608309 0.0859375 0.151335 0.883465
2 0.536328 0.727745 0.105469 0.18546 0.890223
2 0.366016 0.820475 0.114844 0.219585 0.904171
