2 0.653906 0.384273 0.0703125 0.0979228 0.638781
2 0.938281 0.34273 0.0640625 0.0652819 0.695186
2 0.378516 0.555638 0.0757812 0.120178 0.713723
2 0.0964844 0.281157 0.0851562 0.0637982 0.756993
2 0.125391 0.929525 0.163281 0.14095 0.764732
2 0.615625 0.522997 0.084375 0.152819 0.773398
2 0.342578 0.917656 0.132031 0.152819 0.816274
2 0.360938 0.696588 0.0984375 0.197329 0.831866
2 0.260547 0.548961 0.0898438 0.133531 0.846472
2 0.223828 0.670623 0.124219 0.216617 0.865018
2 0.653906 0.384273 0.0703125 0.0979228 0.638781
2 0.938281 0.34273 0.0640625 0.0652819 0.695186
2 0.378516 0.555638 0.0757812 0.120178 0.713723
2 0.0964844 0.281157 0.0851562 0.0637982 0.756993
2 0.125391 0.929525 0.163281 0.14095 0.764732
2 0.615625 0.522997 0.084375 0.152819 0.773398
2 0.342578 0.917656 0.132031 0.152819 0.816274
2 0.360938 0.696588 0.0984375 0.197329 0.831866
2 0.260547 0.548961 0.0898438 0.133531 0.846472
2 0.223828 0.670623 0.124219 0.216617 0.865018
