5 0.540625 0.672849 0.164062 0.494065 0.730993
2 0.680859 0.339763 0.105469 0.0652819 0.746333
2 0.373828 0.539317 0.0757812 0.12908 0.763462
2 0.375391 0.663947 0.0804688 0.206231 0.805242
2 0.260547 0.594956 0.0914062 0.148368 0.868101
2 0.206641 0.781157 0.138281 0.221068 0.900556
5 0.540625 0.672849 0.164062 0.494065 0.730993
2 0.680859 0.339763 0.105469 0.0652819 0.746333
2 0.373828 0.539317 0.0757812 0.12908 0.763462
2 0.375391 0.663947 0.0804688 0.206231 0.805242
2 0.260547 0.594956 0.0914062 0.148368 0.868101
2 0.206641 0.781157 0.138281 0.221068 0.900556
