2 0.378516 0.554896 0.0757812 0.118694 0.613548
2 0.9375 0.341988 0.065625 0.0608309 0.621829
2 0.982813 0.341246 0.034375 0.0830861 0.625976
2 0.0359375 0.297478 0.0484375 0.0608309 0.694256
2 0.218359 0.686202 0.127344 0.224036 0.724511
2 0.206641 0.380564 0.0554687 0.0964392 0.742955
2 0.261328 0.550445 0.0882813 0.136499 0.80763
2 0.361328 0.695846 0.0992187 0.198813 0.816792
2 0.378516 0.554896 0.0757812 0.118694 0.613548
2 0.9375 0.341988 0.065625 0.0608309 0.621829
2 0.982813 0.341246 0.034375 0.0830861 0.625976
2 0.0359375 0.297478 0.0484375 0.0608309 0.694256
2 0.218359 0.686202 0.127344 0.224036 0.724511
2 0.206641 0.380564 0.0554687 0.0964392 0.742955
2 0.261328 0.550445 0.0882813 0.136499 0.80763
2 0.361328 0.695846 0.0992187 0.198813 0.816792
