2 0.229687 0.328635 0.040625 0.0548961 0.606269
2 0.0429688 0.33457 0.05 0.0756677 0.631485
2 0.218359 0.396142 0.0570313 0.0830861 0.649964
2 0.938281 0.34273 0.065625 0.0623145 0.653214
2 0.0804688 0.364985 0.0640625 0.0860534 0.660875
2 0.430859 0.263353 0.0335938 0.0519288 0.679773
2 0.343359 0.27003 0.0320312 0.0563798 0.731671
2 0.316406 0.348665 0.046875 0.0771513 0.822523
7 0.366797 0.717359 0.0992187 0.256677 0.828623
2 0.196484 0.465875 0.0789063 0.115727 0.829617
2 0.479688 0.339021 0.04375 0.0697329 0.836828
2 0.229687 0.328635 0.040625 0.0548961 0.606269
2 0.0429688 0.33457 0.05 0.0756677 0.631485
2 0.218359 0.396142 0.0570313 0.0830861 0.649964
2 0.938281 0.34273 0.065625 0.0623145 0.653214
2 0.0804688 0.364985 0.0640625 0.0860534 0.660875
2 0.430859 0.263353 0.0335938 0.0519288 0.679773
2 0.343359 0.27003 0.0320312 0.0563798 0.731671
2 0.316406 0.348665 0.046875 0.0771513 0.822523
7 0.366797 0.717359 0.0992187 0.256677 0.828623
2 0.196484 0.465875 0.0789063 0.115727 0.829617
2 0.479688 0.339021 0.04375 0.0697329 0.836828
