2 0.179297 0.263353 0.0710938 0.0519288 0.608041
2 0.341406 0.969585 0.145313 0.0578635 0.701953
2 0.120312 0.56454 0.104687 0.12908 0.709203
2 0.0128906 0.926558 0.0257812 0.12908 0.741602
2 0.374609 0.571217 0.0820312 0.166172 0.768601
2 0.517578 0.652819 0.110156 0.278932 0.836152
2 0.55625 0.936202 0.142188 0.127596 0.848411
2 0.0625 0.699555 0.125 0.170623 0.882162
2 0.358594 0.76632 0.114063 0.215134 0.883595
2 0.242578 0.591246 0.0898438 0.143917 0.898429
2 0.160938 0.853858 0.154687 0.22997 0.920584
