2 0.514453 0.238872 0.0476562 0.0534125 0.607642
2 0.223828 0.340504 0.0429688 0.0905045 0.645994
2 0.205078 0.425816 0.0679687 0.0860534 0.795836
2 0.152734 0.538576 0.0960938 0.130564 0.818976
2 0.329297 0.316766 0.0429688 0.0727003 0.830894
2 0.059375 0.704748 0.11875 0.21365 0.839973
2 0.514453 0.238872 0.0476562 0.0534125 0.607642
2 0.223828 0.340504 0.0429688 0.0905045 0.645994
2 0.205078 0.425816 0.0679687 0.0860534 0.795836
2 0.152734 0.538576 0.0960938 0.130564 0.818976
2 0.329297 0.316766 0.0429688 0.0727003 0.830894
2 0.059375 0.704748 0.11875 0.21365 0.839973
