2 0.9375 0.341988 0.0640625 0.0608309 0.617682
2 0.208203 0.393175 0.0523437 0.0919881 0.69498
2 0.501953 0.522255 0.0804688 0.15727 0.72247
2 0.0761719 0.308605 0.0601562 0.0623145 0.754024
2 0.265234 0.552671 0.0851562 0.135015 0.765432
2 0.452344 0.315282 0.0875 0.0667656 0.788404
2 0.123438 0.586053 0.110937 0.166172 0.860394
2 0.9375 0.341988 0.0640625 0.0608309 0.617682
2 0.208203 0.393175 0.0523437 0.0919881 0.69498
2 0.501953 0.522255 0.0804688 0.15727 0.72247
2 0.0761719 0.308605 0.0601562 0.0623145 0.754024
2 0.265234 0.552671 0.0851562 0.135015 0.765432
2 0.452344 0.315282 0.0875 0.0667656 0.788404
2 0.123438 0.586053 0.110937 0.166172 0.860394
