2 0.483203 0.281899 0.0882813 0.0563798 0.707142
2 0.208203 0.333828 0.0992187 0.0682493 0.761927
2 0.550391 0.295252 0.0960938 0.0563798 0.765195
2 0.373828 0.568249 0.0820312 0.166172 0.799437
2 0.121875 0.566766 0.104687 0.130564 0.804258
2 0.321484 0.318249 0.100781 0.0667656 0.805409
2 0.555859 0.936202 0.142969 0.127596 0.821281
2 0.655859 0.336053 0.0851562 0.0667656 0.83525
2 0.609375 0.508902 0.0828125 0.133531 0.84997
2 0.517578 0.652819 0.111719 0.281899 0.861703
2 0.348047 0.87092 0.136719 0.240356 0.870582
2 0.242188 0.591246 0.0890625 0.143917 0.888164
2 0.159766 0.856083 0.153906 0.231454 0.908462
2 0.483203 0.281899 0.0882813 0.0563798 0.707142
2 0.208203 0.333828 0.0992187 0.0682493 0.761927
2 0.550391 0.295252 0.0960938 0.0563798 0.765195
2 0.373828 0.568249 0.0820312 0.166172 0.799437
2 0.121875 0.566766 0.104687 0.130564 0.804258
2 0.321484 0.318249 0.100781 0.0667656 0.805409
2 0.555859 0.936202 0.142969 0.127596 0.821281
2 0.655859 0.336053 0.0851562 0.0667656 0.83525
2 0.609375 0.508902 0.0828125 0.133531 0.84997
2 0.517578 0.652819 0.111719 0.281899 0.861703
2 0.348047 0.87092 0.136719 0.240356 0.870582
2 0.242188 0.591246 0.0890625 0.143917 0.888164
2 0.159766 0.856083 0.153906 0.231454 0.908462
