2 0.125391 0.930267 0.163281 0.139466 0.62336
2 0.177344 0.271513 0.0796875 0.0563798 0.623498
2 0.378516 0.557122 0.0757812 0.120178 0.671086
2 0.938281 0.341988 0.065625 0.0637982 0.676636
2 0.0832031 0.284866 0.0773437 0.0563798 0.731412
2 0.224219 0.670623 0.123438 0.219585 0.771048
2 0.261328 0.548961 0.0882813 0.133531 0.798467
2 0.361719 0.696588 0.0984375 0.197329 0.799367
2 0.342969 0.917656 0.132812 0.152819 0.809017
2 0.603906 0.293769 0.0953125 0.0593472 0.814085
2 0.507422 0.331602 0.105469 0.0727003 0.818656
