2 0.720703 0.34273 0.0914062 0.074184 0.61672
2 0.474609 0.232938 0.0398437 0.0534125 0.692372
2 0.377344 0.609792 0.084375 0.142433 0.70065
2 0.946094 0.349407 0.071875 0.0667656 0.700838
2 0.395312 0.309347 0.0875 0.0727003 0.735039
2 0.260156 0.558605 0.0890625 0.14095 0.791021
2 0.55 0.252967 0.071875 0.0578635 0.809931
2 0.169141 0.354599 0.0632813 0.0712166 0.835032
2 0.720703 0.34273 0.0914062 0.074184 0.61672
2 0.474609 0.232938 0.0398437 0.0534125 0.692372
2 0.377344 0.609792 0.084375 0.142433 0.70065
2 0.946094 0.349407 0.071875 0.0667656 0.700838
2 0.395312 0.309347 0.0875 0.0727003 0.735039
2 0.260156 0.558605 0.0890625 0.14095 0.791021
2 0.55 0.252967 0.071875 0.0578635 0.809931
2 0.169141 0.354599 0.0632813 0.0712166 0.835032
