2 0.176172 0.220326 0.0320312 0.0400593 0.618933
2 0.217969 0.215875 0.0296875 0.0430267 0.638406
2 0.1125 0.946588 0.170312 0.103858 0.683332
2 0.25625 0.570475 0.096875 0.132047 0.749589
2 0.584766 0.918398 0.147656 0.163205 0.821821
2 0.214453 0.691395 0.119531 0.181009 0.844477
2 0.500391 0.568991 0.0804688 0.143917 0.853871
2 0.378125 0.607567 0.0859375 0.149852 0.890109
2 0.366797 0.819733 0.114844 0.221068 0.903644
2 0.176172 0.220326 0.0320312 0.0400593 0.618933
2 0.217969 0.215875 0.0296875 0.0430267 0.638406
2 0.1125 0.946588 0.170312 0.103858 0.683332
2 0.25625 0.570475 0.096875 0.132047 0.749589
2 0.584766 0.918398 0.147656 0.163205 0.821821
2 0.214453 0.691395 0.119531 0.181009 0.844477
2 0.500391 0.568991 0.0804688 0.143917 0.853871
2 0.378125 0.607567 0.0859375 0.149852 0.890109
2 0.366797 0.819733 0.114844 0.221068 0.903644
