2 0.374219 0.513353 0.065625 0.118694 0.742891
2 0.498047 0.514837 0.0710938 0.115727 0.776463
2 0.251953 0.563056 0.0914062 0.135015 0.78519
2 0.344922 0.919881 0.139844 0.151335 0.809394
2 0.362109 0.655044 0.0914062 0.182493 0.811567
2 0.155859 0.898368 0.174219 0.188427 0.817038
2 0.525391 0.634273 0.0992187 0.170623 0.831423
2 0.138672 0.557863 0.0960938 0.127596 0.8646
2 0.433984 0.325668 0.0945313 0.0727003 0.876322
2 0.219141 0.698813 0.111719 0.181009 0.878936
2 0.0425781 0.847923 0.0835937 0.215134 0.899277
2 0.546094 0.867211 0.135937 0.238872 0.899562
