2 0.379687 0.454006 0.0546875 0.121662 0.735178
2 0.492578 0.492582 0.0710938 0.118694 0.813202
2 0.15625 0.894659 0.182812 0.195846 0.82928
2 0.257031 0.54822 0.0859375 0.14095 0.844677
2 0.364453 0.625371 0.0898438 0.176558 0.868012
2 0.139453 0.560089 0.0960938 0.132047 0.870606
2 0.524219 0.631306 0.096875 0.179525 0.874894
2 0.217187 0.696588 0.107813 0.18546 0.874914
2 0.540234 0.839763 0.132031 0.237389 0.884615
2 0.347266 0.905786 0.132031 0.167656 0.887872
2 0.0425781 0.846439 0.0835937 0.212166 0.894114
