2 0.379297 0.387982 0.0539063 0.0875371 0.63568
2 0.432422 0.25 0.0320312 0.0519288 0.658543
2 0.00976562 0.887982 0.0195312 0.114243 0.667438
2 0.949609 0.349407 0.0695312 0.0637982 0.681939
2 0.383594 0.454748 0.0546875 0.137982 0.727956
2 0.0578125 0.333086 0.05625 0.0697329 0.770658
2 0.343359 0.255935 0.0351562 0.0578635 0.7847
2 0.528125 0.708457 0.104687 0.179525 0.840998
2 0.339844 0.876113 0.126563 0.22997 0.843442
2 0.194922 0.470326 0.0757812 0.124629 0.845906
2 0.0816406 0.638724 0.116406 0.155786 0.852029
5 0.475 0.29822 0.0609375 0.160237 0.854591
2 0.137891 0.886499 0.175781 0.209199 0.877654
2 0.265234 0.589763 0.0976562 0.149852 0.886733
2 0.379297 0.387982 0.0539063 0.0875371 0.63568
2 0.432422 0.25 0.0320312 0.0519288 0.658543
2 0.00976562 0.887982 0.0195312 0.114243 0.667438
2 0.949609 0.349407 0.0695312 0.0637982 0.681939
2 0.383594 0.454748 0.0546875 0.137982 0.727956
2 0.0578125 0.333086 0.05625 0.0697329 0.770658
2 0.343359 0.255935 0.0351562 0.0578635 0.7847
2 0.528125 0.708457 0.104687 0.179525 0.840998
2 0.339844 0.876113 0.126563 0.22997 0.843442
2 0.194922 0.470326 0.0757812 0.124629 0.845906
2 0.0816406 0.638724 0.116406 0.155786 0.852029
5 0.475 0.29822 0.0609375 0.160237 0.854591
2 0.137891 0.886499 0.175781 0.209199 0.877654
2 0.265234 0.589763 0.0976562 0.149852 0.886733
