2 0.120312 0.563056 0.104687 0.126113 0.721241
2 0.374219 0.570475 0.0828125 0.164688 0.797061
2 0.517187 0.653561 0.1125 0.277448 0.826792
2 0.649219 0.398368 0.0953125 0.0845697 0.828561
2 0.555859 0.936202 0.142969 0.127596 0.834691
2 0.582031 0.468101 0.0625 0.102374 0.838743
2 0.242578 0.591246 0.0898438 0.143917 0.882771
2 0.348047 0.870178 0.136719 0.238872 0.883175
2 0.0625 0.698813 0.125 0.172107 0.887487
2 0.159766 0.856083 0.155469 0.231454 0.914796
2 0.120312 0.563056 0.104687 0.126113 0.721241
2 0.374219 0.570475 0.0828125 0.164688 0.797061
2 0.517187 0.653561 0.1125 0.277448 0.826792
2 0.649219 0.398368 0.0953125 0.0845697 0.828561
2 0.555859 0.936202 0.142969 0.127596 0.834691
2 0.582031 0.468101 0.0625 0.102374 0.838743
2 0.242578 0.591246 0.0898438 0.143917 0.882771
2 0.348047 0.870178 0.136719 0.238872 0.883175
2 0.0625 0.698813 0.125 0.172107 0.887487
2 0.159766 0.856083 0.155469 0.231454 0.914796
