2 0.120312 0.563798 0.10625 0.130564 0.726161
2 0.0128906 0.926558 0.0257812 0.12908 0.73194
2 0.374609 0.571958 0.0835937 0.167656 0.764977
2 0.242578 0.364243 0.103906 0.0845697 0.803812
2 0.517578 0.652819 0.110156 0.278932 0.812521
2 0.55625 0.936202 0.142188 0.127596 0.838945
2 0.0632813 0.699555 0.126563 0.170623 0.878588
2 0.358203 0.767804 0.113281 0.215134 0.886831
2 0.242578 0.591246 0.0898438 0.143917 0.89706
2 0.160938 0.853858 0.154687 0.22997 0.920207
2 0.120312 0.563798 0.10625 0.130564 0.726161
2 0.0128906 0.926558 0.0257812 0.12908 0.73194
2 0.374609 0.571958 0.0835937 0.167656 0.764977
2 0.242578 0.364243 0.103906 0.0845697 0.803812
2 0.517578 0.652819 0.110156 0.278932 0.812521
2 0.55625 0.936202 0.142188 0.127596 0.838945
2 0.0632813 0.699555 0.126563 0.170623 0.878588
2 0.358203 0.767804 0.113281 0.215134 0.886831
2 0.242578 0.591246 0.0898438 0.143917 0.89706
2 0.160938 0.853858 0.154687 0.22997 0.920207
