2 0.0703125 0.287092 0.0640625 0.0548961 0.704483
2 0.199609 0.429525 0.0695312 0.111276 0.752914
2 0.125 0.930267 0.179688 0.130564 0.773962
2 0.713281 0.34273 0.101562 0.0830861 0.783226
2 0.349219 0.290059 0.06875 0.0608309 0.847627
2 0.596484 0.507418 0.0757812 0.127596 0.85194
2 0.491406 0.321217 0.0921875 0.0667656 0.893255
2 0.364453 0.610534 0.0742188 0.143917 0.89602
2 0.525781 0.712166 0.107813 0.183976 0.896457
2 0.117969 0.602374 0.120312 0.154303 0.899012
2 0.0703125 0.287092 0.0640625 0.0548961 0.704483
2 0.199609 0.429525 0.0695312 0.111276 0.752914
2 0.125 0.930267 0.179688 0.130564 0.773962
2 0.713281 0.34273 0.101562 0.0830861 0.783226
2 0.349219 0.290059 0.06875 0.0608309 0.847627
2 0.596484 0.507418 0.0757812 0.127596 0.85194
2 0.491406 0.321217 0.0921875 0.0667656 0.893255
2 0.364453 0.610534 0.0742188 0.143917 0.89602
2 0.525781 0.712166 0.107813 0.183976 0.896457
2 0.117969 0.602374 0.120312 0.154303 0.899012
