2 0.9375 0.341246 0.065625 0.0623145 0.627567
2 0.125391 0.928783 0.163281 0.139466 0.676359
2 0.378906 0.55638 0.075 0.118694 0.689575
2 0.602734 0.262611 0.0710938 0.0534125 0.731647
2 0.223828 0.672107 0.124219 0.219585 0.79918
2 0.34375 0.916914 0.13125 0.154303 0.81316
2 0.260938 0.548961 0.0890625 0.130564 0.818978
2 0.361328 0.696588 0.0992187 0.194362 0.821848
2 0.700781 0.378338 0.09375 0.0949555 0.828948
2 0.9375 0.341246 0.065625 0.0623145 0.627567
2 0.125391 0.928783 0.163281 0.139466 0.676359
2 0.378906 0.55638 0.075 0.118694 0.689575
2 0.602734 0.262611 0.0710938 0.0534125 0.731647
2 0.223828 0.672107 0.124219 0.219585 0.79918
2 0.34375 0.916914 0.13125 0.154303 0.81316
2 0.260938 0.548961 0.0890625 0.130564 0.818978
2 0.361328 0.696588 0.0992187 0.194362 0.821848
2 0.700781 0.378338 0.09375 0.0949555 0.828948
