2 0.373828 0.514095 0.0664062 0.120178 0.753934
2 0.251953 0.563056 0.0914062 0.135015 0.761334
2 0.498437 0.515579 0.0734375 0.117211 0.768372
2 0.344531 0.919881 0.140625 0.151335 0.803974
2 0.3625 0.655786 0.0921875 0.181009 0.818196
2 0.155859 0.89911 0.174219 0.186944 0.821057
2 0.525391 0.634273 0.0992187 0.170623 0.834103
2 0.219141 0.698813 0.111719 0.181009 0.86932
2 0.139062 0.558605 0.096875 0.12908 0.869713
2 0.505469 0.319733 0.0921875 0.0697329 0.877975
2 0.546094 0.867953 0.135937 0.240356 0.896579
2 0.0425781 0.847923 0.0835937 0.215134 0.897834
2 0.373828 0.514095 0.0664062 0.120178 0.753934
2 0.251953 0.563056 0.0914062 0.135015 0.761334
2 0.498437 0.515579 0.0734375 0.117211 0.768372
2 0.344531 0.919881 0.140625 0.151335 0.803974
2 0.3625 0.655786 0.0921875 0.181009 0.818196
2 0.155859 0.89911 0.174219 0.186944 0.821057
2 0.525391 0.634273 0.0992187 0.170623 0.834103
2 0.219141 0.698813 0.111719 0.181009 0.86932
2 0.139062 0.558605 0.096875 0.12908 0.869713
2 0.505469 0.319733 0.0921875 0.0697329 0.877975
2 0.546094 0.867953 0.135937 0.240356 0.896579
2 0.0425781 0.847923 0.0835937 0.215134 0.897834
