2 0.0304688 0.247774 0.040625 0.0445104 0.666185
2 0.330859 0.92359 0.142969 0.146884 0.669439
2 0.374219 0.52003 0.0703125 0.0875371 0.672294
2 0.271484 0.548961 0.0804688 0.142433 0.731301
2 0.498437 0.232196 0.0453125 0.0548961 0.758457
2 0.0367187 0.436202 0.071875 0.109792 0.784506
2 0.377734 0.647626 0.0804688 0.215134 0.80093
5 0.540625 0.671365 0.165625 0.491098 0.834765
2 0.155859 0.535608 0.0835937 0.136499 0.844674
2 0.223828 0.721068 0.122656 0.189911 0.907008
2 0.0304688 0.247774 0.040625 0.0445104 0.666185
2 0.330859 0.92359 0.142969 0.146884 0.669439
2 0.374219 0.52003 0.0703125 0.0875371 0.672294
2 0.271484 0.548961 0.0804688 0.142433 0.731301
2 0.498437 0.232196 0.0453125 0.0548961 0.758457
2 0.0367187 0.436202 0.071875 0.109792 0.784506
2 0.377734 0.647626 0.0804688 0.215134 0.80093
5 0.540625 0.671365 0.165625 0.491098 0.834765
2 0.155859 0.535608 0.0835937 0.136499 0.844674
2 0.223828 0.721068 0.122656 0.189911 0.907008
