2 0.939844 0.336795 0.0671875 0.0534125 0.631896
2 0.692969 0.338279 0.090625 0.0712166 0.646415
2 0.260547 0.282641 0.0820312 0.0548961 0.662489
2 0.125781 0.928783 0.1625 0.139466 0.678649
2 0.378906 0.557122 0.075 0.123145 0.752293
2 0.472266 0.277448 0.0835937 0.0623145 0.774685
2 0.370703 0.323442 0.107031 0.0890208 0.79192
2 0.223828 0.671365 0.124219 0.218101 0.816579
2 0.609375 0.336053 0.1125 0.0905045 0.817224
2 0.261328 0.54822 0.0882813 0.132047 0.827728
2 0.343359 0.917656 0.132031 0.152819 0.82862
2 0.361328 0.698071 0.0992187 0.197329 0.843417
2 0.653906 0.412463 0.0875 0.0919881 0.850987
