2 0.216016 0.219585 0.0289063 0.041543 0.626294
2 0.260938 0.59273 0.090625 0.146884 0.678147
2 0.795313 0.938427 0.164062 0.117211 0.694327
2 0.611719 0.851632 0.267188 0.284866 0.696257
2 0.1375 0.940653 0.170312 0.11276 0.697533
2 0.714063 0.375371 0.101562 0.0949555 0.803452
2 0.492969 0.54451 0.0765625 0.130564 0.836052
2 0.375 0.541543 0.0765625 0.127596 0.858368
2 0.216016 0.219585 0.0289063 0.041543 0.626294
2 0.260938 0.59273 0.090625 0.146884 0.678147
2 0.795313 0.938427 0.164062 0.117211 0.694327
2 0.611719 0.851632 0.267188 0.284866 0.696257
2 0.1375 0.940653 0.170312 0.11276 0.697533
2 0.714063 0.375371 0.101562 0.0949555 0.803452
2 0.492969 0.54451 0.0765625 0.130564 0.836052
2 0.375 0.541543 0.0765625 0.127596 0.858368
