2 0.375 0.319733 0.028125 0.0459941 0.607123
2 0.154687 0.310831 0.040625 0.0608309 0.640538
2 0.498437 0.514095 0.071875 0.117211 0.732538
2 0.373047 0.512611 0.0648438 0.117211 0.789142
2 0.340625 0.954006 0.139062 0.0801187 0.80064
2 0.525 0.632047 0.1 0.172107 0.818296
2 0.251172 0.563798 0.0914062 0.133531 0.824569
2 0.155078 0.898368 0.175781 0.188427 0.826248
2 0.362891 0.660979 0.0929687 0.179525 0.827606
2 0.602734 0.330861 0.107031 0.0712166 0.852487
5 0.266797 0.309347 0.192969 0.149852 0.853802
2 0.138672 0.557863 0.0960938 0.127596 0.878634
2 0.466797 0.332344 0.107031 0.0682493 0.882948
2 0.219922 0.697329 0.111719 0.181009 0.884451
2 0.546094 0.867211 0.135937 0.238872 0.896142
2 0.0425781 0.847923 0.0835937 0.215134 0.900056
2 0.375 0.319733 0.028125 0.0459941 0.607123
2 0.154687 0.310831 0.040625 0.0608309 0.640538
2 0.498437 0.514095 0.071875 0.117211 0.732538
2 0.373047 0.512611 0.0648438 0.117211 0.789142
2 0.340625 0.954006 0.139062 0.0801187 0.80064
2 0.525 0.632047 0.1 0.172107 0.818296
2 0.251172 0.563798 0.0914062 0.133531 0.824569
2 0.155078 0.898368 0.175781 0.188427 0.826248
2 0.362891 0.660979 0.0929687 0.179525 0.827606
2 0.602734 0.330861 0.107031 0.0712166 0.852487
5 0.266797 0.309347 0.192969 0.149852 0.853802
2 0.138672 0.557863 0.0960938 0.127596 0.878634
2 0.466797 0.332344 0.107031 0.0682493 0.882948
2 0.219922 0.697329 0.111719 0.181009 0.884451
2 0.546094 0.867211 0.135937 0.238872 0.896142
2 0.0425781 0.847923 0.0835937 0.215134 0.900056
