2 0.217578 0.215134 0.0289063 0.041543 0.650194
2 0.253125 0.241098 0.0328125 0.0489614 0.66394
2 0.1125 0.946588 0.170312 0.103858 0.68175
2 0.25625 0.570475 0.096875 0.132047 0.753329
2 0.214453 0.691395 0.119531 0.181009 0.85412
2 0.500781 0.568249 0.0796875 0.142433 0.857563
2 0.378125 0.607567 0.0859375 0.149852 0.891149
2 0.561719 0.856083 0.128125 0.231454 0.906028
2 0.366797 0.818991 0.114844 0.219585 0.908528
2 0.217578 0.215134 0.0289063 0.041543 0.650194
2 0.253125 0.241098 0.0328125 0.0489614 0.66394
2 0.1125 0.946588 0.170312 0.103858 0.68175
2 0.25625 0.570475 0.096875 0.132047 0.753329
2 0.214453 0.691395 0.119531 0.181009 0.85412
2 0.500781 0.568249 0.0796875 0.142433 0.857563
2 0.378125 0.607567 0.0859375 0.149852 0.891149
2 0.561719 0.856083 0.128125 0.231454 0.906028
2 0.366797 0.818991 0.114844 0.219585 0.908528
