2 0.948438 0.341988 0.090625 0.0727003 0.630173
2 0.227344 0.336795 0.046875 0.0860534 0.665645
5 0.477344 0.23368 0.0453125 0.114243 0.693169
2 0.164062 0.264837 0.040625 0.0519288 0.724699
2 0.384766 0.422849 0.0539063 0.10089 0.76793
2 0.0878906 0.340504 0.0492188 0.0727003 0.771124
2 0.400391 0.305638 0.0382813 0.0682493 0.794719
2 0.948438 0.341988 0.090625 0.0727003 0.630173
2 0.227344 0.336795 0.046875 0.0860534 0.665645
5 0.477344 0.23368 0.0453125 0.114243 0.693169
2 0.164062 0.264837 0.040625 0.0519288 0.724699
2 0.384766 0.422849 0.0539063 0.10089 0.76793
2 0.0878906 0.340504 0.0492188 0.0727003 0.771124
2 0.400391 0.305638 0.0382813 0.0682493 0.794719
