2 0.1125 0.276706 0.0765625 0.0578635 0.643365
2 0.375 0.235163 0.053125 0.0519288 0.691109
2 0.111328 0.944362 0.172656 0.105341 0.709634
2 0.257031 0.570475 0.0953125 0.135015 0.709657
2 0.585938 0.958457 0.14375 0.074184 0.731591
2 0.0515625 0.77819 0.101562 0.218101 0.81277
2 0.132031 0.582344 0.104687 0.155786 0.834239
2 0.214453 0.690653 0.117969 0.182493 0.834619
2 0.603906 0.524481 0.0828125 0.132047 0.842162
2 0.500391 0.563798 0.0789063 0.133531 0.8547
2 0.614453 0.352374 0.0835937 0.0994065 0.869915
2 0.378516 0.606825 0.0851562 0.148368 0.88848
2 0.535547 0.724036 0.105469 0.181009 0.898174
2 0.366406 0.820475 0.114063 0.222552 0.900921
