2 0.264844 0.166914 0.01875 0.0281899 0.601509
2 0.145703 0.198813 0.0304688 0.0563798 0.620512
7 0.359375 0.919139 0.125 0.161721 0.641121
2 0.260938 0.591988 0.090625 0.145401 0.680429
2 0.492969 0.543769 0.0765625 0.132047 0.824169
2 0.375391 0.541543 0.0757812 0.127596 0.855178
2 0.655469 0.397626 0.0828125 0.0919881 0.890639
2 0.264844 0.166914 0.01875 0.0281899 0.601509
2 0.145703 0.198813 0.0304688 0.0563798 0.620512
7 0.359375 0.919139 0.125 0.161721 0.641121
2 0.260938 0.591988 0.090625 0.145401 0.680429
2 0.492969 0.543769 0.0765625 0.132047 0.824169
2 0.375391 0.541543 0.0757812 0.127596 0.855178
2 0.655469 0.397626 0.0828125 0.0919881 0.890639
