2 0.585938 0.959199 0.145313 0.0756677 0.713039
2 0.111719 0.945104 0.173438 0.103858 0.716254
2 0.259375 0.569733 0.0921875 0.139466 0.744358
2 0.704297 0.36276 0.111719 0.0875371 0.815068
2 0.0511719 0.77819 0.102344 0.221068 0.836417
2 0.215234 0.689911 0.116406 0.183976 0.85192
2 0.500391 0.56454 0.0773437 0.135015 0.860184
2 0.132422 0.581602 0.110156 0.145401 0.872896
2 0.378125 0.607567 0.0859375 0.149852 0.887701
2 0.535937 0.725519 0.10625 0.181009 0.896637
2 0.366016 0.821217 0.114844 0.224036 0.901068
