2 0.168359 0.259644 0.0367187 0.0445104 0.620676
2 0.21875 0.370178 0.0578125 0.0994065 0.700258
2 0.394922 0.248516 0.0304688 0.0459941 0.709347
2 0.339844 0.289318 0.0375 0.0563798 0.710863
2 0.387891 0.327893 0.0429688 0.0801187 0.750849
5 0.480859 0.290059 0.0632813 0.164688 0.827219
2 0.366797 0.532641 0.0710938 0.121662 0.836706
2 0.168359 0.259644 0.0367187 0.0445104 0.620676
2 0.21875 0.370178 0.0578125 0.0994065 0.700258
2 0.394922 0.248516 0.0304688 0.0459941 0.709347
2 0.339844 0.289318 0.0375 0.0563798 0.710863
2 0.387891 0.327893 0.0429688 0.0801187 0.750849
5 0.480859 0.290059 0.0632813 0.164688 0.827219
2 0.366797 0.532641 0.0710938 0.121662 0.836706
