2 0.380078 0.553412 0.0726563 0.118694 0.68632
2 0.504687 0.563056 0.084375 0.14095 0.717856
2 0.949219 0.348665 0.06875 0.0652819 0.761385
2 0.1 0.941395 0.171875 0.102374 0.780675
2 0.545703 0.931751 0.155469 0.136499 0.799126
2 0.527344 0.253709 0.065625 0.0563798 0.800805
2 0.261328 0.551187 0.0898438 0.135015 0.852202
2 0.537109 0.746291 0.121094 0.219585 0.865014
2 0.207813 0.702522 0.123438 0.194362 0.879879
2 0.36875 0.699555 0.101562 0.188427 0.886915
2 0.0527344 0.772997 0.103906 0.21365 0.887389
2 0.135547 0.573442 0.100781 0.14095 0.887667
2 0.380078 0.553412 0.0726563 0.118694 0.68632
2 0.504687 0.563056 0.084375 0.14095 0.717856
2 0.949219 0.348665 0.06875 0.0652819 0.761385
2 0.1 0.941395 0.171875 0.102374 0.780675
2 0.545703 0.931751 0.155469 0.136499 0.799126
2 0.527344 0.253709 0.065625 0.0563798 0.800805
2 0.261328 0.551187 0.0898438 0.135015 0.852202
2 0.537109 0.746291 0.121094 0.219585 0.865014
2 0.207813 0.702522 0.123438 0.194362 0.879879
2 0.36875 0.699555 0.101562 0.188427 0.886915
2 0.0527344 0.772997 0.103906 0.21365 0.887389
2 0.135547 0.573442 0.100781 0.14095 0.887667
