2 0.176563 0.222552 0.0265625 0.0356083 0.612157
2 0.262109 0.287834 0.0585938 0.0593472 0.651701
2 0.217578 0.216617 0.0257812 0.0385757 0.669331
2 0.140625 0.307864 0.0546875 0.0697329 0.691315
2 0.451562 0.309347 0.0875 0.078635 0.702723
2 0.205859 0.392433 0.0523437 0.0994065 0.726541
2 0.176563 0.222552 0.0265625 0.0356083 0.612157
2 0.262109 0.287834 0.0585938 0.0593472 0.651701
2 0.217578 0.216617 0.0257812 0.0385757 0.669331
2 0.140625 0.307864 0.0546875 0.0697329 0.691315
2 0.451562 0.309347 0.0875 0.078635 0.702723
2 0.205859 0.392433 0.0523437 0.0994065 0.726541
