2 0.0875 0.275964 0.0828125 0.0534125 0.648428
2 0.497656 0.517804 0.0703125 0.118694 0.655732
2 0.373047 0.513353 0.0648438 0.118694 0.733628
2 0.251563 0.563056 0.0921875 0.132047 0.79438
2 0.525 0.632789 0.1 0.170623 0.797044
2 0.341797 0.946588 0.139844 0.0979228 0.816727
2 0.3625 0.660237 0.0921875 0.178042 0.819445
2 0.156641 0.898368 0.174219 0.188427 0.825981
2 0.0679687 0.406528 0.104687 0.0949555 0.862808
2 0.216797 0.70178 0.108594 0.181009 0.86363
2 0.139062 0.55638 0.096875 0.127596 0.881115
2 0.35 0.324926 0.0953125 0.074184 0.884835
2 0.0425781 0.847923 0.0835937 0.215134 0.892294
2 0.546094 0.867211 0.135937 0.238872 0.892345
2 0.0875 0.275964 0.0828125 0.0534125 0.648428
2 0.497656 0.517804 0.0703125 0.118694 0.655732
2 0.373047 0.513353 0.0648438 0.118694 0.733628
2 0.251563 0.563056 0.0921875 0.132047 0.79438
2 0.525 0.632789 0.1 0.170623 0.797044
2 0.341797 0.946588 0.139844 0.0979228 0.816727
2 0.3625 0.660237 0.0921875 0.178042 0.819445
2 0.156641 0.898368 0.174219 0.188427 0.825981
2 0.0679687 0.406528 0.104687 0.0949555 0.862808
2 0.216797 0.70178 0.108594 0.181009 0.86363
2 0.139062 0.55638 0.096875 0.127596 0.881115
2 0.35 0.324926 0.0953125 0.074184 0.884835
2 0.0425781 0.847923 0.0835937 0.215134 0.892294
2 0.546094 0.867211 0.135937 0.238872 0.892345
