2 0.176563 0.26632 0.0359375 0.0489614 0.612512
2 0.4 0.247033 0.0328125 0.0489614 0.631393
7 0.298438 0.37092 0.06875 0.127596 0.667339
2 0.255469 0.590504 0.0921875 0.145401 0.672732
2 0.145313 0.514095 0.1 0.137982 0.680816
2 0.464844 0.324184 0.0453125 0.0816024 0.697576
2 0.949609 0.350148 0.0679687 0.0652819 0.707136
2 0.208984 0.402819 0.0523437 0.0934718 0.709736
7 0.366016 0.607567 0.114844 0.277448 0.784854
2 0.395312 0.301929 0.0375 0.0578635 0.793532
2 0.523047 0.649852 0.0960938 0.175074 0.852308
2 0.653125 0.391691 0.08125 0.0890208 0.878908
2 0.176563 0.26632 0.0359375 0.0489614 0.612512
2 0.4 0.247033 0.0328125 0.0489614 0.631393
7 0.298438 0.37092 0.06875 0.127596 0.667339
2 0.255469 0.590504 0.0921875 0.145401 0.672732
2 0.145313 0.514095 0.1 0.137982 0.680816
2 0.464844 0.324184 0.0453125 0.0816024 0.697576
2 0.949609 0.350148 0.0679687 0.0652819 0.707136
2 0.208984 0.402819 0.0523437 0.0934718 0.709736
7 0.366016 0.607567 0.114844 0.277448 0.784854
2 0.395312 0.301929 0.0375 0.0578635 0.793532
2 0.523047 0.649852 0.0960938 0.175074 0.852308
2 0.653125 0.391691 0.08125 0.0890208 0.878908
