2 0.380078 0.553412 0.0726563 0.118694 0.649884
2 0.504297 0.561573 0.0851562 0.146884 0.663622
2 0.1 0.942137 0.171875 0.103858 0.779485
2 0.545703 0.931751 0.155469 0.136499 0.8073
2 0.261328 0.549703 0.0898438 0.135015 0.851198
2 0.537109 0.747033 0.121094 0.218101 0.859664
2 0.207813 0.702522 0.123438 0.194362 0.871051
2 0.0527344 0.772997 0.103906 0.21365 0.882541
2 0.136328 0.574184 0.100781 0.142433 0.885874
2 0.36875 0.699555 0.103125 0.188427 0.887905
2 0.380078 0.553412 0.0726563 0.118694 0.649884
2 0.504297 0.561573 0.0851562 0.146884 0.663622
2 0.1 0.942137 0.171875 0.103858 0.779485
2 0.545703 0.931751 0.155469 0.136499 0.8073
2 0.261328 0.549703 0.0898438 0.135015 0.851198
2 0.537109 0.747033 0.121094 0.218101 0.859664
2 0.207813 0.702522 0.123438 0.194362 0.871051
2 0.0527344 0.772997 0.103906 0.21365 0.882541
2 0.136328 0.574184 0.100781 0.142433 0.885874
2 0.36875 0.699555 0.103125 0.188427 0.887905
