7 0.310156 0.863501 0.203125 0.27003 0.641889
7 0.408203 0.271513 0.0445312 0.0919881 0.658991
2 0.213281 0.383531 0.0546875 0.0964392 0.677675
2 0.0628906 0.359792 0.0726563 0.0905045 0.686637
2 0.473828 0.313056 0.0398437 0.0712166 0.766247
2 0.945703 0.348665 0.0773437 0.0712166 0.778225
2 0.502734 0.452522 0.0695312 0.124629 0.79803
2 0.372266 0.562315 0.0773437 0.139466 0.804535
2 0.334375 0.291543 0.0390625 0.0578635 0.806913
2 0.155859 0.285608 0.0414063 0.0548961 0.810716
2 0.388672 0.416914 0.0601562 0.109792 0.822365
2 0.183984 0.464392 0.0726563 0.11276 0.831538
