7 0.601172 0.399852 0.0742188 0.182493 0.715014
2 0.586328 0.958457 0.144531 0.074184 0.717848
2 0.111328 0.944362 0.172656 0.105341 0.721612
2 0.257422 0.571958 0.0960938 0.135015 0.731304
2 0.0515625 0.777448 0.101562 0.219585 0.834902
2 0.214062 0.692137 0.117188 0.182493 0.843914
2 0.132812 0.578635 0.110937 0.145401 0.851146
2 0.5 0.565282 0.078125 0.136499 0.867516
2 0.378516 0.606083 0.0851562 0.149852 0.887992
2 0.676953 0.711424 0.122656 0.188427 0.896563
2 0.536328 0.726261 0.107031 0.182493 0.89958
2 0.366406 0.821217 0.114063 0.221068 0.903739
