2 0.135937 0.267062 0.0375 0.0504451 0.6142
2 0.118359 0.90727 0.192969 0.170623 0.69047
5 0.0835937 0.230712 0.0828125 0.0964392 0.720594
2 0.545313 0.695846 0.153125 0.391691 0.759588
2 0.217969 0.39095 0.0609375 0.117211 0.760678
2 0.395703 0.316024 0.0382813 0.0623145 0.773824
2 0.44375 0.265579 0.034375 0.0563798 0.786169
2 0.290234 0.459199 0.0742188 0.14095 0.791403
2 0.328516 0.340504 0.0460938 0.0727003 0.793146
2 0.488672 0.445104 0.0523437 0.136499 0.825505
2 0.378125 0.557863 0.0765625 0.130564 0.87465
2 0.344531 0.791543 0.117188 0.224036 0.898973
2 0.135937 0.267062 0.0375 0.0504451 0.6142
2 0.118359 0.90727 0.192969 0.170623 0.69047
5 0.0835937 0.230712 0.0828125 0.0964392 0.720594
2 0.545313 0.695846 0.153125 0.391691 0.759588
2 0.217969 0.39095 0.0609375 0.117211 0.760678
2 0.395703 0.316024 0.0382813 0.0623145 0.773824
2 0.44375 0.265579 0.034375 0.0563798 0.786169
2 0.290234 0.459199 0.0742188 0.14095 0.791403
2 0.328516 0.340504 0.0460938 0.0727003 0.793146
2 0.488672 0.445104 0.0523437 0.136499 0.825505
2 0.378125 0.557863 0.0765625 0.130564 0.87465
2 0.344531 0.791543 0.117188 0.224036 0.898973
