2 0.504297 0.561573 0.0835937 0.149852 0.600134
2 0.380469 0.55638 0.071875 0.118694 0.632304
2 0.0492188 0.275964 0.075 0.0623145 0.773246
2 0.0996094 0.941395 0.171094 0.102374 0.786282
2 0.546875 0.930267 0.153125 0.139466 0.792325
2 0.665234 0.316024 0.0726563 0.0652819 0.797633
2 0.261328 0.549703 0.0898438 0.135015 0.853377
2 0.537891 0.747033 0.121094 0.218101 0.85496
2 0.207813 0.702522 0.123438 0.194362 0.874758
2 0.135547 0.573442 0.100781 0.14095 0.886861
2 0.0527344 0.773739 0.103906 0.212166 0.887991
2 0.36875 0.699555 0.101562 0.188427 0.889035
