2 0.420703 0.176558 0.0210938 0.0267062 0.610494
2 0.380078 0.554896 0.0726563 0.118694 0.658828
2 0.504297 0.56454 0.0835937 0.14095 0.680144
2 0.1 0.940653 0.171875 0.103858 0.787785
2 0.545703 0.931751 0.157031 0.136499 0.79352
2 0.537109 0.747033 0.121094 0.221068 0.856166
2 0.261328 0.550445 0.0898438 0.133531 0.859995
2 0.558594 0.310831 0.0953125 0.0756677 0.8699
2 0.207813 0.703264 0.123438 0.192878 0.875159
2 0.216406 0.359792 0.104687 0.0816024 0.87627
2 0.36875 0.699555 0.101562 0.188427 0.882924
2 0.0527344 0.773739 0.103906 0.212166 0.884196
2 0.135547 0.5727 0.100781 0.139466 0.888621
