2 0.432031 0.18546 0.0203125 0.0296736 0.614822
2 0.257031 0.571958 0.09375 0.135015 0.711586
2 0.111328 0.944362 0.172656 0.105341 0.71286
2 0.586328 0.958457 0.144531 0.074184 0.716313
2 0.0515625 0.77819 0.101562 0.218101 0.822052
2 0.214453 0.690653 0.117969 0.182493 0.832856
2 0.132812 0.579377 0.110937 0.143917 0.845893
2 0.640625 0.414688 0.0875 0.0964392 0.852679
2 0.500391 0.56454 0.0789063 0.135015 0.858192
2 0.378516 0.607567 0.0851562 0.149852 0.888043
2 0.535937 0.726261 0.10625 0.182493 0.893396
2 0.366016 0.821217 0.114844 0.224036 0.898494
2 0.432031 0.18546 0.0203125 0.0296736 0.614822
2 0.257031 0.571958 0.09375 0.135015 0.711586
2 0.111328 0.944362 0.172656 0.105341 0.71286
2 0.586328 0.958457 0.144531 0.074184 0.716313
2 0.0515625 0.77819 0.101562 0.218101 0.822052
2 0.214453 0.690653 0.117969 0.182493 0.832856
2 0.132812 0.579377 0.110937 0.143917 0.845893
2 0.640625 0.414688 0.0875 0.0964392 0.852679
2 0.500391 0.56454 0.0789063 0.135015 0.858192
2 0.378516 0.607567 0.0851562 0.149852 0.888043
2 0.535937 0.726261 0.10625 0.182493 0.893396
2 0.366016 0.821217 0.114844 0.224036 0.898494
