2 0.125391 0.296736 0.0570313 0.0563798 0.629349
2 0.0382813 0.282641 0.0546875 0.0548961 0.637408
2 0.217187 0.382789 0.0625 0.0890208 0.730525
2 0.626172 0.59273 0.0945313 0.152819 0.819451
2 0.179297 0.468843 0.0835937 0.139466 0.820448
2 0.564844 0.939169 0.15 0.118694 0.822388
2 0.315234 0.282641 0.0617188 0.0578635 0.82278
2 0.084375 0.65727 0.13125 0.166172 0.84682
2 0.351953 0.728487 0.0945313 0.172107 0.859862
2 0.578125 0.324926 0.101562 0.0771513 0.8639
2 0.407813 0.308605 0.078125 0.0652819 0.870718
