2 0.223438 0.340504 0.04375 0.0875371 0.658188
2 0.242969 0.254451 0.0328125 0.0697329 0.658572
2 0.205859 0.425816 0.0679687 0.0860534 0.798422
2 0.152734 0.537834 0.0945313 0.132047 0.812229
2 0.0605469 0.696588 0.121094 0.212166 0.864978
2 0.455859 0.319733 0.0414063 0.0697329 0.873013
2 0.223438 0.340504 0.04375 0.0875371 0.658188
2 0.242969 0.254451 0.0328125 0.0697329 0.658572
2 0.205859 0.425816 0.0679687 0.0860534 0.798422
2 0.152734 0.537834 0.0945313 0.132047 0.812229
2 0.0605469 0.696588 0.121094 0.212166 0.864978
2 0.455859 0.319733 0.0414063 0.0697329 0.873013
