2 0.391406 0.329377 0.040625 0.0563798 0.652548
2 0.2375 0.256677 0.03125 0.0623145 0.671417
2 0.214844 0.37908 0.05625 0.0994065 0.739852
2 0.48125 0.383531 0.05625 0.0964392 0.759022
2 0.948047 0.349407 0.0710938 0.0667656 0.760879
7 0.385547 0.456973 0.0804688 0.204748 0.829538
2 0.466016 0.265579 0.0367187 0.0563798 0.850152
2 0.183984 0.462166 0.0726563 0.108309 0.856664
2 0.350391 0.847181 0.125781 0.228487 0.901264
2 0.391406 0.329377 0.040625 0.0563798 0.652548
2 0.2375 0.256677 0.03125 0.0623145 0.671417
2 0.214844 0.37908 0.05625 0.0994065 0.739852
2 0.48125 0.383531 0.05625 0.0964392 0.759022
2 0.948047 0.349407 0.0710938 0.0667656 0.760879
7 0.385547 0.456973 0.0804688 0.204748 0.829538
2 0.466016 0.265579 0.0367187 0.0563798 0.850152
2 0.183984 0.462166 0.0726563 0.108309 0.856664
2 0.350391 0.847181 0.125781 0.228487 0.901264
