2 0.9375 0.341988 0.065625 0.0608309 0.623304
2 0.125391 0.928783 0.163281 0.139466 0.670494
2 0.378906 0.557122 0.075 0.120178 0.693502
2 0.768359 0.872404 0.177344 0.231454 0.801133
2 0.34375 0.916914 0.13125 0.154303 0.814088
2 0.260938 0.548961 0.0890625 0.130564 0.823713
2 0.223828 0.671365 0.124219 0.218101 0.824818
2 0.361328 0.696588 0.0992187 0.194362 0.829332
2 0.563281 0.252226 0.0609375 0.0504451 0.837935
2 0.9375 0.341988 0.065625 0.0608309 0.623304
2 0.125391 0.928783 0.163281 0.139466 0.670494
2 0.378906 0.557122 0.075 0.120178 0.693502
2 0.768359 0.872404 0.177344 0.231454 0.801133
2 0.34375 0.916914 0.13125 0.154303 0.814088
2 0.260938 0.548961 0.0890625 0.130564 0.823713
2 0.223828 0.671365 0.124219 0.218101 0.824818
2 0.361328 0.696588 0.0992187 0.194362 0.829332
2 0.563281 0.252226 0.0609375 0.0504451 0.837935
