2 0.380078 0.553412 0.0726563 0.118694 0.633817
2 0.504297 0.561573 0.0835937 0.146884 0.649173
2 0.949219 0.349407 0.0703125 0.0637982 0.741103
2 0.1 0.942137 0.171875 0.103858 0.787329
2 0.546875 0.930267 0.153125 0.139466 0.799623
2 0.261719 0.550445 0.0890625 0.136499 0.854491
2 0.536719 0.746291 0.121875 0.219585 0.860481
2 0.207813 0.701039 0.123438 0.194362 0.869974
2 0.36875 0.699555 0.101562 0.188427 0.88453
2 0.0527344 0.772255 0.103906 0.212166 0.886318
2 0.135547 0.573442 0.100781 0.14095 0.886749
