7 0.408203 0.27003 0.0429688 0.0919881 0.642056
2 0.213672 0.384273 0.0554687 0.0979228 0.685003
2 0.0585938 0.364985 0.071875 0.0949555 0.750851
2 0.473437 0.311573 0.040625 0.0682493 0.762834
2 0.946484 0.348665 0.0757812 0.0712166 0.77274
2 0.153516 0.290059 0.0429688 0.0608309 0.778576
2 0.390234 0.409496 0.0570313 0.0979228 0.780913
2 0.373047 0.555638 0.0773437 0.137982 0.784523
7 0.312891 0.855341 0.199219 0.28635 0.789419
2 0.335547 0.28635 0.0382813 0.0563798 0.793753
2 0.183984 0.462908 0.0726563 0.11276 0.8365
2 0.501953 0.444362 0.0664062 0.126113 0.839523
7 0.408203 0.27003 0.0429688 0.0919881 0.642056
2 0.213672 0.384273 0.0554687 0.0979228 0.685003
2 0.0585938 0.364985 0.071875 0.0949555 0.750851
2 0.473437 0.311573 0.040625 0.0682493 0.762834
2 0.946484 0.348665 0.0757812 0.0712166 0.77274
2 0.153516 0.290059 0.0429688 0.0608309 0.778576
2 0.390234 0.409496 0.0570313 0.0979228 0.780913
2 0.373047 0.555638 0.0773437 0.137982 0.784523
7 0.312891 0.855341 0.199219 0.28635 0.789419
2 0.335547 0.28635 0.0382813 0.0563798 0.793753
2 0.183984 0.462908 0.0726563 0.11276 0.8365
2 0.501953 0.444362 0.0664062 0.126113 0.839523
