2 0.963672 0.347181 0.0726563 0.0652819 0.629131
2 0.312891 0.336795 0.0492188 0.074184 0.784198
2 0.390234 0.377596 0.0523437 0.0934718 0.788737
2 0.483984 0.377596 0.0523437 0.0875371 0.795797
2 0.283984 0.473294 0.0679687 0.109792 0.823981
2 0.451172 0.284125 0.0367187 0.0578635 0.833441
2 0.176953 0.491098 0.0804688 0.11276 0.837794
2 0.384766 0.560089 0.0742188 0.135015 0.86748
2 0.246875 0.635757 0.109375 0.179525 0.869655
2 0.513281 0.617211 0.0890625 0.166172 0.880574
2 0.349609 0.89911 0.130469 0.192878 0.882989
2 0.541797 0.897626 0.144531 0.195846 0.8844
2 0.0675781 0.707715 0.135156 0.172107 0.917038
