2 0.367188 0.978487 0.121875 0.0430267 0.606986
7 0.586328 0.925816 0.150781 0.148368 0.619824
2 0.377734 0.240356 0.0585938 0.0504451 0.693392
2 0.372266 0.571217 0.0835937 0.172107 0.74209
2 0.527734 0.691395 0.113281 0.20178 0.789329
2 0.242969 0.593472 0.1 0.15727 0.819707
2 0.144922 0.548961 0.102344 0.163205 0.850333
2 0.367188 0.775964 0.109375 0.189911 0.893674
2 0.182031 0.849407 0.154687 0.22997 0.918137
2 0.367188 0.978487 0.121875 0.0430267 0.606986
7 0.586328 0.925816 0.150781 0.148368 0.619824
2 0.377734 0.240356 0.0585938 0.0504451 0.693392
2 0.372266 0.571217 0.0835937 0.172107 0.74209
2 0.527734 0.691395 0.113281 0.20178 0.789329
2 0.242969 0.593472 0.1 0.15727 0.819707
2 0.144922 0.548961 0.102344 0.163205 0.850333
2 0.367188 0.775964 0.109375 0.189911 0.893674
2 0.182031 0.849407 0.154687 0.22997 0.918137
