2 0.120312 0.563056 0.104687 0.126113 0.689317
2 0.0128906 0.926558 0.0257812 0.12908 0.739008
2 0.373828 0.571217 0.0820312 0.169139 0.79083
2 0.303125 0.339763 0.101562 0.074184 0.820359
2 0.577344 0.316766 0.0875 0.0667656 0.847468
2 0.517187 0.652819 0.110937 0.278932 0.848247
2 0.55625 0.936202 0.142188 0.127596 0.848838
2 0.0628906 0.698813 0.125781 0.169139 0.880324
2 0.358203 0.767804 0.114844 0.215134 0.893715
2 0.242578 0.591246 0.0898438 0.143917 0.901552
2 0.160938 0.853858 0.154687 0.22997 0.922542
2 0.120312 0.563056 0.104687 0.126113 0.689317
2 0.0128906 0.926558 0.0257812 0.12908 0.739008
2 0.373828 0.571217 0.0820312 0.169139 0.79083
2 0.303125 0.339763 0.101562 0.074184 0.820359
2 0.577344 0.316766 0.0875 0.0667656 0.847468
2 0.517187 0.652819 0.110937 0.278932 0.848247
2 0.55625 0.936202 0.142188 0.127596 0.848838
2 0.0628906 0.698813 0.125781 0.169139 0.880324
2 0.358203 0.767804 0.114844 0.215134 0.893715
2 0.242578 0.591246 0.0898438 0.143917 0.901552
2 0.160938 0.853858 0.154687 0.22997 0.922542
