2 0.951953 0.344956 0.0679687 0.0608309 0.600445
2 0.500781 0.465134 0.0671875 0.120178 0.676198
2 0.213281 0.38724 0.05625 0.10089 0.683264
2 0.184375 0.247033 0.034375 0.0519288 0.701425
2 0.372266 0.290801 0.0367187 0.0623145 0.710646
7 0.401953 0.362018 0.0632813 0.145401 0.763133
2 0.475391 0.335312 0.0445312 0.0712166 0.775672
2 0.171875 0.47997 0.08125 0.111276 0.862099
2 0.341797 0.891691 0.141406 0.207715 0.866937
2 0.284375 0.465134 0.071875 0.102374 0.883681
2 0.373047 0.61276 0.0882813 0.160237 0.891889
2 0.951953 0.344956 0.0679687 0.0608309 0.600445
2 0.500781 0.465134 0.0671875 0.120178 0.676198
2 0.213281 0.38724 0.05625 0.10089 0.683264
2 0.184375 0.247033 0.034375 0.0519288 0.701425
2 0.372266 0.290801 0.0367187 0.0623145 0.710646
7 0.401953 0.362018 0.0632813 0.145401 0.763133
2 0.475391 0.335312 0.0445312 0.0712166 0.775672
2 0.171875 0.47997 0.08125 0.111276 0.862099
2 0.341797 0.891691 0.141406 0.207715 0.866937
2 0.284375 0.465134 0.071875 0.102374 0.883681
2 0.373047 0.61276 0.0882813 0.160237 0.891889
