5 0.471094 0.175816 0.03125 0.0727003 0.625322
2 0.220703 0.381306 0.0539063 0.0919881 0.651858
2 0.357422 0.945104 0.149219 0.106825 0.677004
2 0.948828 0.348665 0.0710938 0.0652819 0.708784
2 0.348437 0.27003 0.034375 0.0534125 0.729945
2 0.0503906 0.741098 0.100781 0.179525 0.749356
2 0.466016 0.324184 0.0414063 0.0727003 0.753478
2 0.376953 0.473294 0.0617188 0.130564 0.762695
2 0.312891 0.382789 0.0570313 0.0830861 0.801795
2 0.254687 0.580119 0.096875 0.172107 0.804065
2 0.162891 0.497774 0.0867188 0.126113 0.831767
2 0.374609 0.610534 0.0820312 0.149852 0.848994
2 0.508203 0.616469 0.0929687 0.167656 0.876065
