5 0.0652344 0.242582 0.0835937 0.108309 0.623964
2 0.359375 0.240356 0.03125 0.0474777 0.648292
7 0.367188 0.484421 0.071875 0.167656 0.718687
2 0.127344 0.914688 0.1625 0.152819 0.730774
2 0.395703 0.285608 0.0335938 0.0519288 0.753395
2 0.480469 0.432493 0.0609375 0.123145 0.755391
2 0.399219 0.368694 0.053125 0.0934718 0.780915
2 0.196875 0.441395 0.0703125 0.0964392 0.796563
2 0.317578 0.341246 0.0476562 0.0801187 0.832883
2 0.132812 0.580119 0.110937 0.178042 0.857265
2 0.520312 0.617953 0.1 0.191395 0.862595
2 0.242969 0.581602 0.1 0.148368 0.864539
