2 0.651563 0.278932 0.0796875 0.0474777 0.604653
2 0.399219 0.181009 0.0234375 0.0326409 0.66339
2 0.375 0.517804 0.0703125 0.0860534 0.665611
2 0.271484 0.549703 0.0804688 0.14095 0.71227
2 0.342969 0.247774 0.0609375 0.0474777 0.73648
2 0.377344 0.647626 0.0796875 0.212166 0.772621
5 0.541406 0.671365 0.164062 0.494065 0.833193
2 0.155859 0.534866 0.0851562 0.135015 0.837309
2 0.552344 0.318249 0.0953125 0.0637982 0.84995
2 0.0578125 0.69362 0.115625 0.173591 0.895177
2 0.223828 0.721068 0.122656 0.189911 0.90226
2 0.651563 0.278932 0.0796875 0.0474777 0.604653
2 0.399219 0.181009 0.0234375 0.0326409 0.66339
2 0.375 0.517804 0.0703125 0.0860534 0.665611
2 0.271484 0.549703 0.0804688 0.14095 0.71227
2 0.342969 0.247774 0.0609375 0.0474777 0.73648
2 0.377344 0.647626 0.0796875 0.212166 0.772621
5 0.541406 0.671365 0.164062 0.494065 0.833193
2 0.155859 0.534866 0.0851562 0.135015 0.837309
2 0.552344 0.318249 0.0953125 0.0637982 0.84995
2 0.0578125 0.69362 0.115625 0.173591 0.895177
2 0.223828 0.721068 0.122656 0.189911 0.90226
