2 0.969141 0.319733 0.0617188 0.0489614 0.65728
2 0.664453 0.275964 0.0710938 0.0593472 0.682901
2 0.0761719 0.36276 0.0710938 0.0994065 0.698575
2 0.340234 0.261869 0.0335938 0.0578635 0.722754
2 0.396484 0.332344 0.0429688 0.074184 0.728228
2 0.308203 0.369436 0.0570313 0.0919881 0.824707
2 0.255469 0.543769 0.0859375 0.173591 0.831455
2 0.382812 0.458457 0.0625 0.121662 0.840305
5 0.507422 0.467359 0.110156 0.290801 0.905189
2 0.969141 0.319733 0.0617188 0.0489614 0.65728
2 0.664453 0.275964 0.0710938 0.0593472 0.682901
2 0.0761719 0.36276 0.0710938 0.0994065 0.698575
2 0.340234 0.261869 0.0335938 0.0578635 0.722754
2 0.396484 0.332344 0.0429688 0.074184 0.728228
2 0.308203 0.369436 0.0570313 0.0919881 0.824707
2 0.255469 0.543769 0.0859375 0.173591 0.831455
2 0.382812 0.458457 0.0625 0.121662 0.840305
5 0.507422 0.467359 0.110156 0.290801 0.905189
