2 0.111328 0.945104 0.172656 0.103858 0.699831
2 0.576563 0.333828 0.103125 0.074184 0.726755
2 0.603516 0.448813 0.0773437 0.12908 0.740815
2 0.257422 0.5727 0.0945313 0.136499 0.757505
2 0.13125 0.581602 0.104687 0.154303 0.843612
2 0.0511719 0.77819 0.102344 0.221068 0.844963
7 0.725391 0.709199 0.169531 0.376855 0.847614
2 0.393359 0.313798 0.0976562 0.0816024 0.850391
2 0.214453 0.690653 0.117969 0.182493 0.859625
2 0.500391 0.563798 0.0789063 0.133531 0.865175
2 0.377734 0.606825 0.0851562 0.151335 0.885951
2 0.535937 0.726261 0.10625 0.182493 0.897457
2 0.366016 0.821217 0.114844 0.224036 0.902196
2 0.111328 0.945104 0.172656 0.103858 0.699831
2 0.576563 0.333828 0.103125 0.074184 0.726755
2 0.603516 0.448813 0.0773437 0.12908 0.740815
2 0.257422 0.5727 0.0945313 0.136499 0.757505
2 0.13125 0.581602 0.104687 0.154303 0.843612
2 0.0511719 0.77819 0.102344 0.221068 0.844963
7 0.725391 0.709199 0.169531 0.376855 0.847614
2 0.393359 0.313798 0.0976562 0.0816024 0.850391
2 0.214453 0.690653 0.117969 0.182493 0.859625
2 0.500391 0.563798 0.0789063 0.133531 0.865175
2 0.377734 0.606825 0.0851562 0.151335 0.885951
2 0.535937 0.726261 0.10625 0.182493 0.897457
2 0.366016 0.821217 0.114844 0.224036 0.902196
