2 0.339453 0.973294 0.142969 0.0504451 0.606188
2 0.120703 0.56454 0.105469 0.12908 0.674047
2 0.0128906 0.926558 0.0257812 0.12908 0.73288
2 0.374219 0.571958 0.0828125 0.167656 0.758734
2 0.182422 0.351632 0.110156 0.0860534 0.795538
2 0.517187 0.652819 0.110937 0.278932 0.833943
2 0.55625 0.93546 0.142188 0.126113 0.839173
2 0.0628906 0.700297 0.125781 0.172107 0.874546
2 0.358203 0.767062 0.113281 0.21365 0.884001
2 0.242578 0.591988 0.0898438 0.142433 0.892853
2 0.160938 0.853858 0.154687 0.22997 0.918505
2 0.339453 0.973294 0.142969 0.0504451 0.606188
2 0.120703 0.56454 0.105469 0.12908 0.674047
2 0.0128906 0.926558 0.0257812 0.12908 0.73288
2 0.374219 0.571958 0.0828125 0.167656 0.758734
2 0.182422 0.351632 0.110156 0.0860534 0.795538
2 0.517187 0.652819 0.110937 0.278932 0.833943
2 0.55625 0.93546 0.142188 0.126113 0.839173
2 0.0628906 0.700297 0.125781 0.172107 0.874546
2 0.358203 0.767062 0.113281 0.21365 0.884001
2 0.242578 0.591988 0.0898438 0.142433 0.892853
2 0.160938 0.853858 0.154687 0.22997 0.918505
