2 0.0800781 0.298961 0.0460938 0.0578635 0.603595
2 0.9375 0.341246 0.065625 0.0593472 0.624755
2 0.21875 0.392433 0.0578125 0.078635 0.657487
2 0.560938 0.91543 0.140625 0.166172 0.712357
2 0.328516 0.33457 0.0476562 0.0697329 0.786337
2 0.178906 0.505935 0.0890625 0.118694 0.803713
2 0.269922 0.520772 0.0835937 0.133531 0.806729
2 0.466016 0.347181 0.0476562 0.0830861 0.822291
2 0.485156 0.518546 0.0703125 0.117211 0.848873
2 0.375781 0.568249 0.0703125 0.136499 0.878119
2 0.0800781 0.298961 0.0460938 0.0578635 0.603595
2 0.9375 0.341246 0.065625 0.0593472 0.624755
2 0.21875 0.392433 0.0578125 0.078635 0.657487
2 0.560938 0.91543 0.140625 0.166172 0.712357
2 0.328516 0.33457 0.0476562 0.0697329 0.786337
2 0.178906 0.505935 0.0890625 0.118694 0.803713
2 0.269922 0.520772 0.0835937 0.133531 0.806729
2 0.466016 0.347181 0.0476562 0.0830861 0.822291
2 0.485156 0.518546 0.0703125 0.117211 0.848873
2 0.375781 0.568249 0.0703125 0.136499 0.878119
