2 0.221094 0.210682 0.0265625 0.041543 0.628645
2 0.380078 0.553412 0.0726563 0.118694 0.64604
2 0.504297 0.562315 0.0835937 0.139466 0.668014
2 0.946094 0.348665 0.0734375 0.0682493 0.70012
2 0.601172 0.462908 0.0632813 0.109792 0.83484
2 0.262891 0.551187 0.0882813 0.137982 0.855801
2 0.536328 0.743323 0.122656 0.210682 0.871984
2 0.367969 0.698813 0.101562 0.186944 0.88755
2 0.221094 0.210682 0.0265625 0.041543 0.628645
2 0.380078 0.553412 0.0726563 0.118694 0.64604
2 0.504297 0.562315 0.0835937 0.139466 0.668014
2 0.946094 0.348665 0.0734375 0.0682493 0.70012
2 0.601172 0.462908 0.0632813 0.109792 0.83484
2 0.262891 0.551187 0.0882813 0.137982 0.855801
2 0.536328 0.743323 0.122656 0.210682 0.871984
2 0.367969 0.698813 0.101562 0.186944 0.88755
