2 0.119922 0.563056 0.103906 0.126113 0.679079
2 0.0132813 0.928042 0.0265625 0.12908 0.736608
2 0.475781 0.31454 0.096875 0.0712166 0.788288
2 0.374609 0.571217 0.0820312 0.169139 0.805924
2 0.55625 0.936202 0.142188 0.127596 0.847864
2 0.517578 0.653561 0.111719 0.277448 0.862968
2 0.0628906 0.699555 0.125781 0.170623 0.875473
2 0.358203 0.767804 0.114844 0.215134 0.896073
2 0.242578 0.591246 0.0898438 0.143917 0.899124
2 0.161328 0.853858 0.155469 0.22997 0.920799
2 0.119922 0.563056 0.103906 0.126113 0.679079
2 0.0132813 0.928042 0.0265625 0.12908 0.736608
2 0.475781 0.31454 0.096875 0.0712166 0.788288
2 0.374609 0.571217 0.0820312 0.169139 0.805924
2 0.55625 0.936202 0.142188 0.127596 0.847864
2 0.517578 0.653561 0.111719 0.277448 0.862968
2 0.0628906 0.699555 0.125781 0.170623 0.875473
2 0.358203 0.767804 0.114844 0.215134 0.896073
2 0.242578 0.591246 0.0898438 0.143917 0.899124
2 0.161328 0.853858 0.155469 0.22997 0.920799
