2 0.0476562 0.290801 0.0640625 0.0563798 0.602499
2 0.271484 0.274481 0.0398437 0.0563798 0.614284
2 0.596875 0.26632 0.0421875 0.0459941 0.683285
2 0.157813 0.33457 0.0734375 0.0667656 0.744834
2 0.205078 0.403561 0.0570313 0.106825 0.778397
2 0.426172 0.23368 0.0382813 0.0519288 0.79382
2 0.160938 0.514837 0.090625 0.136499 0.806779
2 0.60625 0.540059 0.0796875 0.124629 0.851299
2 0.0476562 0.290801 0.0640625 0.0563798 0.602499
2 0.271484 0.274481 0.0398437 0.0563798 0.614284
2 0.596875 0.26632 0.0421875 0.0459941 0.683285
2 0.157813 0.33457 0.0734375 0.0667656 0.744834
2 0.205078 0.403561 0.0570313 0.106825 0.778397
2 0.426172 0.23368 0.0382813 0.0519288 0.79382
2 0.160938 0.514837 0.090625 0.136499 0.806779
2 0.60625 0.540059 0.0796875 0.124629 0.851299
