2 0.969141 0.320475 0.0617188 0.0504451 0.680035
2 0.0535156 0.37092 0.0648438 0.0919881 0.682422
2 0.385938 0.375371 0.046875 0.0860534 0.695061
2 0.65 0.865727 0.290625 0.244807 0.756942
2 0.399609 0.299703 0.0382813 0.0652819 0.775415
2 0.299609 0.398368 0.0570313 0.0845697 0.785689
2 0.345703 0.271513 0.0351562 0.0534125 0.805367
2 0.366016 0.545994 0.0773437 0.133531 0.826364
2 0.196484 0.754451 0.128906 0.197329 0.883187
5 0.486328 0.304154 0.0648438 0.15727 0.885214
2 0.969141 0.320475 0.0617188 0.0504451 0.680035
2 0.0535156 0.37092 0.0648438 0.0919881 0.682422
2 0.385938 0.375371 0.046875 0.0860534 0.695061
2 0.65 0.865727 0.290625 0.244807 0.756942
2 0.399609 0.299703 0.0382813 0.0652819 0.775415
2 0.299609 0.398368 0.0570313 0.0845697 0.785689
2 0.345703 0.271513 0.0351562 0.0534125 0.805367
2 0.366016 0.545994 0.0773437 0.133531 0.826364
2 0.196484 0.754451 0.128906 0.197329 0.883187
5 0.486328 0.304154 0.0648438 0.15727 0.885214
