2 0.392969 0.158754 0.0171875 0.0237389 0.605784
2 0.173047 0.224036 0.0335938 0.0385757 0.613466
2 0.239844 0.182493 0.025 0.0445104 0.643524
2 0.969531 0.319733 0.0609375 0.0489614 0.658262
2 0.657031 0.274481 0.0796875 0.0534125 0.723514
2 0.0449219 0.289318 0.0664062 0.0593472 0.777975
2 0.602344 0.517062 0.084375 0.132047 0.79641
2 0.517187 0.652819 0.1125 0.275964 0.805134
2 0.374219 0.568249 0.0828125 0.163205 0.840844
2 0.35 0.891691 0.13125 0.204748 0.864892
2 0.243359 0.591246 0.0898438 0.143917 0.900149
2 0.151562 0.876855 0.1625 0.240356 0.910489
2 0.392969 0.158754 0.0171875 0.0237389 0.605784
2 0.173047 0.224036 0.0335938 0.0385757 0.613466
2 0.239844 0.182493 0.025 0.0445104 0.643524
2 0.969531 0.319733 0.0609375 0.0489614 0.658262
2 0.657031 0.274481 0.0796875 0.0534125 0.723514
2 0.0449219 0.289318 0.0664062 0.0593472 0.777975
2 0.602344 0.517062 0.084375 0.132047 0.79641
2 0.517187 0.652819 0.1125 0.275964 0.805134
2 0.374219 0.568249 0.0828125 0.163205 0.840844
2 0.35 0.891691 0.13125 0.204748 0.864892
2 0.243359 0.591246 0.0898438 0.143917 0.900149
2 0.151562 0.876855 0.1625 0.240356 0.910489
