2 0.404297 0.18546 0.0210938 0.0356083 0.620375
2 0.498437 0.517062 0.0734375 0.120178 0.710034
2 0.373047 0.515579 0.0664062 0.123145 0.759292
2 0.251953 0.562315 0.0929687 0.133531 0.791565
2 0.344531 0.920623 0.140625 0.149852 0.796715
2 0.0652344 0.416914 0.100781 0.103858 0.808929
2 0.525391 0.632789 0.0992187 0.170623 0.816785
2 0.362109 0.656528 0.0914062 0.179525 0.821368
2 0.156641 0.89911 0.174219 0.186944 0.825424
2 0.219141 0.698813 0.111719 0.181009 0.871841
2 0.589453 0.316024 0.0929687 0.0652819 0.871977
2 0.139062 0.557863 0.096875 0.127596 0.872556
2 0.0425781 0.847923 0.0835937 0.215134 0.896494
2 0.546094 0.867953 0.135937 0.240356 0.89992
2 0.404297 0.18546 0.0210938 0.0356083 0.620375
2 0.498437 0.517062 0.0734375 0.120178 0.710034
2 0.373047 0.515579 0.0664062 0.123145 0.759292
2 0.251953 0.562315 0.0929687 0.133531 0.791565
2 0.344531 0.920623 0.140625 0.149852 0.796715
2 0.0652344 0.416914 0.100781 0.103858 0.808929
2 0.525391 0.632789 0.0992187 0.170623 0.816785
2 0.362109 0.656528 0.0914062 0.179525 0.821368
2 0.156641 0.89911 0.174219 0.186944 0.825424
2 0.219141 0.698813 0.111719 0.181009 0.871841
2 0.589453 0.316024 0.0929687 0.0652819 0.871977
2 0.139062 0.557863 0.096875 0.127596 0.872556
2 0.0425781 0.847923 0.0835937 0.215134 0.896494
2 0.546094 0.867953 0.135937 0.240356 0.89992
