2 0.225391 0.276706 0.0882813 0.0637982 0.622783
2 0.498047 0.514837 0.0726563 0.118694 0.683068
2 0.0898438 0.320475 0.0984375 0.074184 0.767268
2 0.372656 0.514837 0.065625 0.121662 0.784739
2 0.157031 0.898368 0.171875 0.188427 0.809909
2 0.251563 0.562315 0.0921875 0.133531 0.818969
2 0.362891 0.659496 0.0929687 0.18546 0.823568
2 0.525781 0.632047 0.1 0.172107 0.82638
2 0.619531 0.55638 0.0921875 0.148368 0.864246
2 0.138672 0.560089 0.0960938 0.12908 0.867396
2 0.216797 0.702522 0.108594 0.182493 0.868431
2 0.546094 0.867953 0.135937 0.240356 0.897522
