2 0.172656 0.224036 0.03125 0.0356083 0.615963
2 0.222656 0.206231 0.0265625 0.0474777 0.631581
2 0.969141 0.319733 0.0617188 0.0489614 0.63734
2 0.496094 0.237389 0.0421875 0.0504451 0.711459
2 0.374219 0.568991 0.0828125 0.164688 0.834784
2 0.616797 0.560089 0.0898438 0.155786 0.845304
2 0.647656 0.419881 0.0875 0.0919881 0.859329
2 0.517578 0.652819 0.113281 0.275964 0.862794
2 0.243359 0.591246 0.0898438 0.143917 0.894249
2 0.348047 0.870178 0.136719 0.238872 0.897866
2 0.151562 0.876113 0.1625 0.24184 0.912077
2 0.172656 0.224036 0.03125 0.0356083 0.615963
2 0.222656 0.206231 0.0265625 0.0474777 0.631581
2 0.969141 0.319733 0.0617188 0.0489614 0.63734
2 0.496094 0.237389 0.0421875 0.0504451 0.711459
2 0.374219 0.568991 0.0828125 0.164688 0.834784
2 0.616797 0.560089 0.0898438 0.155786 0.845304
2 0.647656 0.419881 0.0875 0.0919881 0.859329
2 0.517578 0.652819 0.113281 0.275964 0.862794
2 0.243359 0.591246 0.0898438 0.143917 0.894249
2 0.348047 0.870178 0.136719 0.238872 0.897866
2 0.151562 0.876113 0.1625 0.24184 0.912077
