2 0.245312 0.249258 0.028125 0.041543 0.698475
2 0.401172 0.161721 0.0195312 0.0267062 0.711111
2 0.596484 0.325668 0.0867188 0.0756677 0.722131
7 0.335156 0.899852 0.157813 0.191395 0.782807
2 0.389062 0.30638 0.0796875 0.0756677 0.786261
2 0.237109 0.617953 0.102344 0.161721 0.834242
2 0.245312 0.249258 0.028125 0.041543 0.698475
2 0.401172 0.161721 0.0195312 0.0267062 0.711111
2 0.596484 0.325668 0.0867188 0.0756677 0.722131
7 0.335156 0.899852 0.157813 0.191395 0.782807
2 0.389062 0.30638 0.0796875 0.0756677 0.786261
2 0.237109 0.617953 0.102344 0.161721 0.834242
