2 0.120312 0.563056 0.104687 0.126113 0.68768
2 0.248828 0.351632 0.110156 0.0801187 0.735804
2 0.0128906 0.926558 0.0257812 0.12908 0.741984
2 0.373828 0.571958 0.0820312 0.170623 0.773286
2 0.517187 0.652819 0.110937 0.278932 0.828828
2 0.55625 0.936202 0.142188 0.127596 0.845214
2 0.526172 0.318249 0.0914062 0.0697329 0.847161
2 0.0628906 0.698813 0.125781 0.169139 0.877155
2 0.358594 0.767804 0.114063 0.215134 0.889335
2 0.242578 0.591246 0.0898438 0.143917 0.899933
2 0.160938 0.853858 0.154687 0.22997 0.921169
