2 0.398438 0.187685 0.025 0.0281899 0.67005
2 0.125391 0.930267 0.163281 0.139466 0.672525
2 0.228906 0.313798 0.0953125 0.0756677 0.693162
2 0.378516 0.560089 0.0742188 0.123145 0.710308
2 0.333984 0.326409 0.113281 0.0712166 0.73303
2 0.601953 0.459941 0.0679687 0.11276 0.738436
2 0.0695312 0.316024 0.10625 0.0830861 0.767334
2 0.223828 0.671365 0.124219 0.221068 0.797693
2 0.343359 0.917656 0.133594 0.152819 0.80985
2 0.261328 0.54822 0.0882813 0.135015 0.817909
2 0.361328 0.696588 0.0992187 0.197329 0.844489
