2 0.111328 0.945846 0.172656 0.102374 0.714206
2 0.257812 0.571217 0.0953125 0.136499 0.753958
2 0.0664062 0.69362 0.132812 0.179525 0.842296
2 0.484766 0.288576 0.0898438 0.0548961 0.864526
2 0.214453 0.691395 0.117969 0.178042 0.865893
2 0.5 0.560831 0.0796875 0.139466 0.870402
2 0.378125 0.608309 0.0859375 0.151335 0.88612
2 0.535547 0.724777 0.105469 0.182493 0.899955
2 0.366406 0.820475 0.114063 0.222552 0.907686
2 0.111328 0.945846 0.172656 0.102374 0.714206
2 0.257812 0.571217 0.0953125 0.136499 0.753958
2 0.0664062 0.69362 0.132812 0.179525 0.842296
2 0.484766 0.288576 0.0898438 0.0548961 0.864526
2 0.214453 0.691395 0.117969 0.178042 0.865893
2 0.5 0.560831 0.0796875 0.139466 0.870402
2 0.378125 0.608309 0.0859375 0.151335 0.88612
2 0.535547 0.724777 0.105469 0.182493 0.899955
2 0.366406 0.820475 0.114063 0.222552 0.907686
