2 0.324219 0.292285 0.0453125 0.0890208 0.662035
2 0.207813 0.425074 0.0625 0.102374 0.665125
2 0.394531 0.279674 0.034375 0.0578635 0.750249
2 0.388281 0.372404 0.0484375 0.0890208 0.797192
2 0.0324219 0.830861 0.0648438 0.186944 0.810209
2 0.288672 0.44362 0.0664062 0.0979228 0.812764
5 0.472266 0.264837 0.0554687 0.137982 0.833194
2 0.219141 0.680267 0.117969 0.224036 0.836461
2 0.167578 0.543769 0.100781 0.143917 0.853427
2 0.370703 0.723294 0.103906 0.18546 0.88192
2 0.553516 0.804154 0.135156 0.249258 0.890639
2 0.324219 0.292285 0.0453125 0.0890208 0.662035
2 0.207813 0.425074 0.0625 0.102374 0.665125
2 0.394531 0.279674 0.034375 0.0578635 0.750249
2 0.388281 0.372404 0.0484375 0.0890208 0.797192
2 0.0324219 0.830861 0.0648438 0.186944 0.810209
2 0.288672 0.44362 0.0664062 0.0979228 0.812764
5 0.472266 0.264837 0.0554687 0.137982 0.833194
2 0.219141 0.680267 0.117969 0.224036 0.836461
2 0.167578 0.543769 0.100781 0.143917 0.853427
2 0.370703 0.723294 0.103906 0.18546 0.88192
2 0.553516 0.804154 0.135156 0.249258 0.890639
