2 0.120703 0.563798 0.107031 0.130564 0.698
2 0.0128906 0.9273 0.0257812 0.130564 0.73408
2 0.374609 0.5727 0.0820312 0.166172 0.747647
2 0.517578 0.652819 0.110156 0.278932 0.80648
2 0.180078 0.378338 0.103906 0.0890208 0.836572
2 0.55625 0.936202 0.142188 0.127596 0.840263
2 0.0632813 0.699555 0.126563 0.170623 0.876182
2 0.358203 0.767804 0.113281 0.215134 0.884427
2 0.242578 0.591246 0.0898438 0.143917 0.892007
2 0.160938 0.853858 0.154687 0.22997 0.918445
2 0.120703 0.563798 0.107031 0.130564 0.698
2 0.0128906 0.9273 0.0257812 0.130564 0.73408
2 0.374609 0.5727 0.0820312 0.166172 0.747647
2 0.517578 0.652819 0.110156 0.278932 0.80648
2 0.180078 0.378338 0.103906 0.0890208 0.836572
2 0.55625 0.936202 0.142188 0.127596 0.840263
2 0.0632813 0.699555 0.126563 0.170623 0.876182
2 0.358203 0.767804 0.113281 0.215134 0.884427
2 0.242578 0.591246 0.0898438 0.143917 0.892007
2 0.160938 0.853858 0.154687 0.22997 0.918445
