2 0.217578 0.215134 0.0289063 0.041543 0.650167
2 0.110156 0.948813 0.173438 0.0994065 0.688371
2 0.256641 0.571217 0.0960938 0.139466 0.7603
2 0.214062 0.692137 0.11875 0.182493 0.852994
2 0.500781 0.568249 0.0796875 0.142433 0.862969
2 0.378125 0.607567 0.0859375 0.149852 0.895859
2 0.366797 0.819733 0.114844 0.221068 0.904561
2 0.217578 0.215134 0.0289063 0.041543 0.650167
2 0.110156 0.948813 0.173438 0.0994065 0.688371
2 0.256641 0.571217 0.0960938 0.139466 0.7603
2 0.214062 0.692137 0.11875 0.182493 0.852994
2 0.500781 0.568249 0.0796875 0.142433 0.862969
2 0.378125 0.607567 0.0859375 0.149852 0.895859
2 0.366797 0.819733 0.114844 0.221068 0.904561
