2 0.366797 0.979228 0.121094 0.041543 0.607451
2 0.949609 0.341246 0.0929687 0.0771513 0.628427
2 0.143359 0.220326 0.0304688 0.0430267 0.635418
7 0.494531 0.511869 0.0875 0.192878 0.732031
2 0.652344 0.402819 0.090625 0.0905045 0.757065
2 0.243359 0.597181 0.0976562 0.149852 0.822258
2 0.367188 0.776706 0.107813 0.191395 0.85386
2 0.151953 0.905786 0.174219 0.179525 0.861372
2 0.366797 0.979228 0.121094 0.041543 0.607451
2 0.949609 0.341246 0.0929687 0.0771513 0.628427
2 0.143359 0.220326 0.0304688 0.0430267 0.635418
7 0.494531 0.511869 0.0875 0.192878 0.732031
2 0.652344 0.402819 0.090625 0.0905045 0.757065
2 0.243359 0.597181 0.0976562 0.149852 0.822258
2 0.367188 0.776706 0.107813 0.191395 0.85386
2 0.151953 0.905786 0.174219 0.179525 0.861372
