2 0.341016 0.970326 0.146094 0.0563798 0.697428
2 0.120312 0.56454 0.104687 0.12908 0.704914
2 0.0128906 0.926558 0.0257812 0.12908 0.739673
2 0.374609 0.571958 0.0835937 0.164688 0.771334
2 0.517578 0.652819 0.110156 0.278932 0.844527
2 0.55625 0.936202 0.142188 0.127596 0.846645
2 0.0625 0.700297 0.125 0.172107 0.881571
2 0.358594 0.76632 0.114063 0.215134 0.883738
2 0.242578 0.591246 0.0898438 0.143917 0.896523
2 0.161328 0.853858 0.155469 0.22997 0.921018
2 0.341016 0.970326 0.146094 0.0563798 0.697428
2 0.120312 0.56454 0.104687 0.12908 0.704914
2 0.0128906 0.926558 0.0257812 0.12908 0.739673
2 0.374609 0.571958 0.0835937 0.164688 0.771334
2 0.517578 0.652819 0.110156 0.278932 0.844527
2 0.55625 0.936202 0.142188 0.127596 0.846645
2 0.0625 0.700297 0.125 0.172107 0.881571
2 0.358594 0.76632 0.114063 0.215134 0.883738
2 0.242578 0.591246 0.0898438 0.143917 0.896523
2 0.161328 0.853858 0.155469 0.22997 0.921018
