2 0.176563 0.22181 0.03125 0.0400593 0.625658
2 0.694922 0.335312 0.107031 0.0860534 0.64518
2 0.217187 0.216617 0.0296875 0.0385757 0.665878
2 0.0460938 0.287092 0.065625 0.0637982 0.680915
2 0.276953 0.279674 0.0476562 0.0548961 0.760034
2 0.384375 0.31454 0.084375 0.0771513 0.833966
2 0.158594 0.340504 0.0609375 0.078635 0.859691
2 0.193359 0.753709 0.130469 0.178042 0.897736
2 0.176563 0.22181 0.03125 0.0400593 0.625658
2 0.694922 0.335312 0.107031 0.0860534 0.64518
2 0.217187 0.216617 0.0296875 0.0385757 0.665878
2 0.0460938 0.287092 0.065625 0.0637982 0.680915
2 0.276953 0.279674 0.0476562 0.0548961 0.760034
2 0.384375 0.31454 0.084375 0.0771513 0.833966
2 0.158594 0.340504 0.0609375 0.078635 0.859691
2 0.193359 0.753709 0.130469 0.178042 0.897736
