5 0.48125 0.195104 0.034375 0.0816024 0.635046
2 0.189453 0.474036 0.0804688 0.108309 0.645592
7 0.125391 0.583828 0.0867188 0.161721 0.655056
2 0.969141 0.318991 0.0617188 0.0504451 0.66536
5 0.578516 0.779674 0.228906 0.390208 0.675424
2 0.290234 0.458457 0.0679687 0.130564 0.683778
2 0.361719 0.292285 0.0390625 0.0623145 0.720446
2 0.412109 0.355341 0.0460938 0.0875371 0.759011
2 0.363672 0.668398 0.0929687 0.182493 0.850514
2 0.182812 0.771513 0.134375 0.21365 0.907025
5 0.48125 0.195104 0.034375 0.0816024 0.635046
2 0.189453 0.474036 0.0804688 0.108309 0.645592
7 0.125391 0.583828 0.0867188 0.161721 0.655056
2 0.969141 0.318991 0.0617188 0.0504451 0.66536
5 0.578516 0.779674 0.228906 0.390208 0.675424
2 0.290234 0.458457 0.0679687 0.130564 0.683778
2 0.361719 0.292285 0.0390625 0.0623145 0.720446
2 0.412109 0.355341 0.0460938 0.0875371 0.759011
2 0.363672 0.668398 0.0929687 0.182493 0.850514
2 0.182812 0.771513 0.134375 0.21365 0.907025
