2 0.153125 0.277448 0.0359375 0.0534125 0.698385
2 0.399609 0.301187 0.0414063 0.0593472 0.742332
2 0.335547 0.283383 0.0351562 0.0563798 0.768628
2 0.308203 0.353116 0.0476562 0.0712166 0.770664
2 0.286328 0.452522 0.0664062 0.136499 0.787113
2 0.669531 0.392433 0.0609375 0.0816024 0.812775
2 0.479297 0.390208 0.0523437 0.0919881 0.821467
2 0.505859 0.497774 0.0679687 0.114243 0.828702
2 0.169922 0.505935 0.0867188 0.109792 0.846655
5 0.382812 0.462166 0.10625 0.277448 0.858376
2 0.234766 0.636499 0.107031 0.169139 0.891931
2 0.153125 0.277448 0.0359375 0.0534125 0.698385
2 0.399609 0.301187 0.0414063 0.0593472 0.742332
2 0.335547 0.283383 0.0351562 0.0563798 0.768628
2 0.308203 0.353116 0.0476562 0.0712166 0.770664
2 0.286328 0.452522 0.0664062 0.136499 0.787113
2 0.669531 0.392433 0.0609375 0.0816024 0.812775
2 0.479297 0.390208 0.0523437 0.0919881 0.821467
2 0.505859 0.497774 0.0679687 0.114243 0.828702
2 0.169922 0.505935 0.0867188 0.109792 0.846655
5 0.382812 0.462166 0.10625 0.277448 0.858376
2 0.234766 0.636499 0.107031 0.169139 0.891931
