7 0.492969 0.500742 0.084375 0.179525 0.670778
2 0.253906 0.321958 0.084375 0.0771513 0.717593
2 0.373437 0.271513 0.08125 0.0682493 0.739224
2 0.0679687 0.321958 0.0921875 0.0652819 0.763491
2 0.372266 0.571217 0.0820312 0.175074 0.771132
2 0.527344 0.691395 0.114063 0.20178 0.79496
2 0.242969 0.595697 0.0984375 0.155786 0.843689
2 0.145313 0.548961 0.103125 0.166172 0.844103
2 0.640234 0.419881 0.0898438 0.0919881 0.854052
2 0.724609 0.790801 0.149219 0.216617 0.856684
2 0.367188 0.775964 0.109375 0.189911 0.891813
2 0.181641 0.849407 0.152344 0.232938 0.903413
7 0.492969 0.500742 0.084375 0.179525 0.670778
2 0.253906 0.321958 0.084375 0.0771513 0.717593
2 0.373437 0.271513 0.08125 0.0682493 0.739224
2 0.0679687 0.321958 0.0921875 0.0652819 0.763491
2 0.372266 0.571217 0.0820312 0.175074 0.771132
2 0.527344 0.691395 0.114063 0.20178 0.79496
2 0.242969 0.595697 0.0984375 0.155786 0.843689
2 0.145313 0.548961 0.103125 0.166172 0.844103
2 0.640234 0.419881 0.0898438 0.0919881 0.854052
2 0.724609 0.790801 0.149219 0.216617 0.856684
2 0.367188 0.775964 0.109375 0.189911 0.891813
2 0.181641 0.849407 0.152344 0.232938 0.903413
