2 0.394531 0.270772 0.034375 0.0489614 0.608799
2 0.388672 0.353116 0.0460938 0.0830861 0.715393
2 0.034375 0.827151 0.06875 0.203264 0.776628
2 0.294922 0.424332 0.0632813 0.0890208 0.786396
5 0.471484 0.258902 0.0539063 0.132047 0.832926
2 0.539844 0.734421 0.123438 0.225519 0.834249
2 0.171875 0.532641 0.101562 0.133531 0.84117
2 0.232812 0.640208 0.104687 0.197329 0.870557
2 0.374219 0.662463 0.0921875 0.18546 0.874268
2 0.394531 0.270772 0.034375 0.0489614 0.608799
2 0.388672 0.353116 0.0460938 0.0830861 0.715393
2 0.034375 0.827151 0.06875 0.203264 0.776628
2 0.294922 0.424332 0.0632813 0.0890208 0.786396
5 0.471484 0.258902 0.0539063 0.132047 0.832926
2 0.539844 0.734421 0.123438 0.225519 0.834249
2 0.171875 0.532641 0.101562 0.133531 0.84117
2 0.232812 0.640208 0.104687 0.197329 0.870557
2 0.374219 0.662463 0.0921875 0.18546 0.874268
