2 0.716406 0.340504 0.0921875 0.0816024 0.622439
2 0.125781 0.928783 0.1625 0.139466 0.690273
2 0.440625 0.278932 0.075 0.0593472 0.728022
2 0.379297 0.557122 0.0757812 0.123145 0.751417
2 0.636719 0.340504 0.101562 0.0875371 0.752324
2 0.658984 0.408754 0.0804688 0.0875371 0.802097
2 0.223828 0.672107 0.124219 0.219585 0.822161
2 0.261328 0.548961 0.0882813 0.130564 0.826805
2 0.343359 0.917656 0.132031 0.152819 0.830321
2 0.361328 0.698071 0.0992187 0.197329 0.840836
2 0.392969 0.324184 0.101562 0.0905045 0.849873
2 0.716406 0.340504 0.0921875 0.0816024 0.622439
2 0.125781 0.928783 0.1625 0.139466 0.690273
2 0.440625 0.278932 0.075 0.0593472 0.728022
2 0.379297 0.557122 0.0757812 0.123145 0.751417
2 0.636719 0.340504 0.101562 0.0875371 0.752324
2 0.658984 0.408754 0.0804688 0.0875371 0.802097
2 0.223828 0.672107 0.124219 0.219585 0.822161
2 0.261328 0.548961 0.0882813 0.130564 0.826805
2 0.343359 0.917656 0.132031 0.152819 0.830321
2 0.361328 0.698071 0.0992187 0.197329 0.840836
2 0.392969 0.324184 0.101562 0.0905045 0.849873
