5 0.221484 0.369436 0.0460938 0.130564 0.618538
2 0.969141 0.319733 0.0617188 0.0489614 0.679931
2 0.584766 0.261128 0.0632813 0.0474777 0.693977
2 0.390234 0.34273 0.0429688 0.0682493 0.763398
5 0.623047 0.833086 0.280469 0.330861 0.770596
5 0.468359 0.246291 0.0492188 0.118694 0.778282
2 0.483594 0.397626 0.053125 0.0801187 0.804342
2 0.309766 0.365727 0.0539063 0.0994065 0.805038
2 0.382422 0.50816 0.0664062 0.12908 0.878703
2 0.358594 0.807122 0.11875 0.219585 0.885695
2 0.226172 0.620178 0.110156 0.166172 0.886396
