2 0.0320312 0.260386 0.0421875 0.0727003 0.67503
2 0.490625 0.277448 0.071875 0.0593472 0.722559
2 0.517187 0.652819 0.1125 0.275964 0.78731
2 0.121875 0.567507 0.103125 0.132047 0.802689
2 0.515234 0.348665 0.103906 0.0712166 0.80479
2 0.598047 0.460682 0.0664062 0.117211 0.808351
2 0.555859 0.936202 0.142969 0.127596 0.809684
2 0.373828 0.568991 0.0835937 0.164688 0.819761
2 0.352344 0.288576 0.090625 0.0548961 0.842442
2 0.348047 0.87092 0.136719 0.240356 0.880747
2 0.242188 0.591246 0.0890625 0.143917 0.894984
2 0.159766 0.856083 0.153906 0.231454 0.912382
2 0.0320312 0.260386 0.0421875 0.0727003 0.67503
2 0.490625 0.277448 0.071875 0.0593472 0.722559
2 0.517187 0.652819 0.1125 0.275964 0.78731
2 0.121875 0.567507 0.103125 0.132047 0.802689
2 0.515234 0.348665 0.103906 0.0712166 0.80479
2 0.598047 0.460682 0.0664062 0.117211 0.808351
2 0.555859 0.936202 0.142969 0.127596 0.809684
2 0.373828 0.568991 0.0835937 0.164688 0.819761
2 0.352344 0.288576 0.090625 0.0548961 0.842442
2 0.348047 0.87092 0.136719 0.240356 0.880747
2 0.242188 0.591246 0.0890625 0.143917 0.894984
2 0.159766 0.856083 0.153906 0.231454 0.912382
