2 0.343359 0.924332 0.136719 0.142433 0.670367
2 0.391406 0.268546 0.0296875 0.0504451 0.746395
2 0.388672 0.385757 0.0539063 0.0890208 0.772439
2 0.309375 0.348665 0.05 0.0771513 0.779844
2 0.545703 0.909496 0.146094 0.166172 0.790918
2 0.276563 0.486647 0.065625 0.11276 0.793719
2 0.486328 0.391691 0.0554687 0.0830861 0.795678
2 0.175 0.494065 0.0828125 0.109792 0.821643
2 0.515625 0.639466 0.09375 0.175074 0.845226
2 0.453125 0.292285 0.0375 0.0593472 0.853772
2 0.381641 0.581602 0.0789063 0.130564 0.886477
2 0.240234 0.664688 0.113281 0.169139 0.886779
2 0.0679687 0.721068 0.135937 0.175074 0.907258
