7 0.280078 0.447329 0.0804688 0.167656 0.662141
7 0.352344 0.742582 0.14375 0.369436 0.66698
2 0.949609 0.348665 0.0679687 0.0652819 0.670739
2 0.563672 0.87092 0.149219 0.219585 0.715125
2 0.059375 0.367953 0.06875 0.0919881 0.717573
2 0.475391 0.382047 0.0523437 0.0964392 0.71989
2 0.615234 0.4273 0.0695312 0.0949555 0.729232
2 0.401172 0.276706 0.0351562 0.0519288 0.747797
2 0.134766 0.546736 0.0929687 0.126113 0.796872
2 0.394922 0.356825 0.0445312 0.078635 0.800898
2 0.191406 0.787092 0.135937 0.209199 0.893268
7 0.280078 0.447329 0.0804688 0.167656 0.662141
7 0.352344 0.742582 0.14375 0.369436 0.66698
2 0.949609 0.348665 0.0679687 0.0652819 0.670739
2 0.563672 0.87092 0.149219 0.219585 0.715125
2 0.059375 0.367953 0.06875 0.0919881 0.717573
2 0.475391 0.382047 0.0523437 0.0964392 0.71989
2 0.615234 0.4273 0.0695312 0.0949555 0.729232
2 0.401172 0.276706 0.0351562 0.0519288 0.747797
2 0.134766 0.546736 0.0929687 0.126113 0.796872
2 0.394922 0.356825 0.0445312 0.078635 0.800898
2 0.191406 0.787092 0.135937 0.209199 0.893268
