2 0.0433594 0.272255 0.0664062 0.0608309 0.685877
2 0.325391 0.248516 0.0617188 0.0459941 0.701124
2 0.373047 0.514095 0.0664062 0.120178 0.764764
2 0.498047 0.51632 0.0742188 0.121662 0.765317
2 0.251563 0.563056 0.0921875 0.132047 0.801213
2 0.155469 0.898368 0.175 0.188427 0.805785
2 0.3625 0.65727 0.0921875 0.178042 0.813199
2 0.345313 0.920623 0.139062 0.149852 0.81518
2 0.525781 0.633531 0.1 0.169139 0.831878
2 0.139062 0.557863 0.096875 0.127596 0.874521
2 0.219141 0.698071 0.111719 0.179525 0.884666
2 0.508984 0.307864 0.117969 0.0964392 0.890135
2 0.546094 0.867211 0.135937 0.238872 0.894336
2 0.0425781 0.847923 0.0835937 0.215134 0.900642
