2 0.251172 0.563798 0.0914062 0.136499 0.697139
2 0.186328 0.367211 0.0601562 0.078635 0.761739
2 0.373828 0.519288 0.0664062 0.124629 0.814504
2 0.216016 0.700297 0.110156 0.175074 0.835442
2 0.498828 0.524481 0.0757812 0.12908 0.855065
2 0.529297 0.660237 0.102344 0.172107 0.876935
2 0.684375 0.732196 0.134375 0.203264 0.89391
2 0.251172 0.563798 0.0914062 0.136499 0.697139
2 0.186328 0.367211 0.0601562 0.078635 0.761739
2 0.373828 0.519288 0.0664062 0.124629 0.814504
2 0.216016 0.700297 0.110156 0.175074 0.835442
2 0.498828 0.524481 0.0757812 0.12908 0.855065
2 0.529297 0.660237 0.102344 0.172107 0.876935
2 0.684375 0.732196 0.134375 0.203264 0.89391
