2 0.120312 0.56454 0.104687 0.126113 0.686972
2 0.0128906 0.9273 0.0257812 0.130564 0.712265
2 0.374609 0.568249 0.0820312 0.163205 0.803757
2 0.517187 0.652077 0.1125 0.274481 0.809807
2 0.555859 0.936202 0.142969 0.127596 0.833131
2 0.356641 0.323442 0.0898438 0.0712166 0.86721
2 0.0625 0.699555 0.125 0.170623 0.873527
2 0.242578 0.591246 0.0898438 0.143917 0.886482
2 0.347656 0.869436 0.135937 0.243323 0.898068
2 0.159375 0.856083 0.154687 0.231454 0.916071
2 0.120312 0.56454 0.104687 0.126113 0.686972
2 0.0128906 0.9273 0.0257812 0.130564 0.712265
2 0.374609 0.568249 0.0820312 0.163205 0.803757
2 0.517187 0.652077 0.1125 0.274481 0.809807
2 0.555859 0.936202 0.142969 0.127596 0.833131
2 0.356641 0.323442 0.0898438 0.0712166 0.86721
2 0.0625 0.699555 0.125 0.170623 0.873527
2 0.242578 0.591246 0.0898438 0.143917 0.886482
2 0.347656 0.869436 0.135937 0.243323 0.898068
2 0.159375 0.856083 0.154687 0.231454 0.916071
