2 0.596094 0.416172 0.06875 0.108309 0.634985
2 0.938281 0.343472 0.065625 0.0667656 0.638447
2 0.204688 0.27819 0.090625 0.0697329 0.655172
2 0.378516 0.557863 0.0757812 0.121662 0.6587
2 0.125391 0.929525 0.163281 0.14095 0.720002
2 0.260547 0.548961 0.0898438 0.133531 0.828463
2 0.342578 0.917656 0.132031 0.152819 0.829295
2 0.360938 0.697329 0.0984375 0.198813 0.832495
2 0.223438 0.671365 0.123438 0.218101 0.851966
2 0.670703 0.664688 0.103906 0.169139 0.873163
2 0.596094 0.416172 0.06875 0.108309 0.634985
2 0.938281 0.343472 0.065625 0.0667656 0.638447
2 0.204688 0.27819 0.090625 0.0697329 0.655172
2 0.378516 0.557863 0.0757812 0.121662 0.6587
2 0.125391 0.929525 0.163281 0.14095 0.720002
2 0.260547 0.548961 0.0898438 0.133531 0.828463
2 0.342578 0.917656 0.132031 0.152819 0.829295
2 0.360938 0.697329 0.0984375 0.198813 0.832495
2 0.223438 0.671365 0.123438 0.218101 0.851966
2 0.670703 0.664688 0.103906 0.169139 0.873163
