5 0.541406 0.658754 0.178125 0.459941 0.603175
2 0.125391 0.928783 0.163281 0.139466 0.739512
2 0.223828 0.669881 0.124219 0.218101 0.781349
2 0.361719 0.696588 0.0984375 0.197329 0.787649
2 0.261328 0.548961 0.0867188 0.130564 0.81579
2 0.343359 0.917656 0.132031 0.152819 0.831506
2 0.0648438 0.687685 0.129688 0.164688 0.839062
2 0.635547 0.323442 0.0867188 0.0682493 0.875611
5 0.541406 0.658754 0.178125 0.459941 0.603175
2 0.125391 0.928783 0.163281 0.139466 0.739512
2 0.223828 0.669881 0.124219 0.218101 0.781349
2 0.361719 0.696588 0.0984375 0.197329 0.787649
2 0.261328 0.548961 0.0867188 0.130564 0.81579
2 0.343359 0.917656 0.132031 0.152819 0.831506
2 0.0648438 0.687685 0.129688 0.164688 0.839062
2 0.635547 0.323442 0.0867188 0.0682493 0.875611
