2 0.158594 0.31454 0.084375 0.0771513 0.717774
2 0.374609 0.534866 0.0742188 0.120178 0.753329
2 0.375781 0.661721 0.0796875 0.204748 0.796011
2 0.275391 0.277448 0.0742188 0.0563798 0.803832
5 0.541016 0.669139 0.164844 0.492582 0.809307
2 0.5625 0.328635 0.114063 0.0727003 0.865482
2 0.260547 0.594956 0.0898438 0.145401 0.873349
2 0.20625 0.782641 0.1375 0.221068 0.897601
2 0.728906 0.854599 0.151562 0.231454 0.92489
2 0.158594 0.31454 0.084375 0.0771513 0.717774
2 0.374609 0.534866 0.0742188 0.120178 0.753329
2 0.375781 0.661721 0.0796875 0.204748 0.796011
2 0.275391 0.277448 0.0742188 0.0563798 0.803832
5 0.541016 0.669139 0.164844 0.492582 0.809307
2 0.5625 0.328635 0.114063 0.0727003 0.865482
2 0.260547 0.594956 0.0898438 0.145401 0.873349
2 0.20625 0.782641 0.1375 0.221068 0.897601
2 0.728906 0.854599 0.151562 0.231454 0.92489
