2 0.575781 0.285608 0.0703125 0.0578635 0.735041
2 0.627344 0.301187 0.090625 0.0652819 0.788942
2 0.121875 0.567507 0.103125 0.132047 0.803339
2 0.555859 0.936202 0.142969 0.127596 0.824788
2 0.374219 0.568249 0.0828125 0.163205 0.824896
2 0.655078 0.405786 0.0882813 0.0934718 0.842661
2 0.348047 0.870178 0.136719 0.238872 0.877784
2 0.517578 0.654303 0.113281 0.278932 0.878172
2 0.242578 0.590504 0.0898438 0.145401 0.887253
2 0.159375 0.856083 0.154687 0.231454 0.911391
2 0.575781 0.285608 0.0703125 0.0578635 0.735041
2 0.627344 0.301187 0.090625 0.0652819 0.788942
2 0.121875 0.567507 0.103125 0.132047 0.803339
2 0.555859 0.936202 0.142969 0.127596 0.824788
2 0.374219 0.568249 0.0828125 0.163205 0.824896
2 0.655078 0.405786 0.0882813 0.0934718 0.842661
2 0.348047 0.870178 0.136719 0.238872 0.877784
2 0.517578 0.654303 0.113281 0.278932 0.878172
2 0.242578 0.590504 0.0898438 0.145401 0.887253
2 0.159375 0.856083 0.154687 0.231454 0.911391
