2 0.367188 0.978487 0.121875 0.0430267 0.604225
2 0.100391 0.313056 0.0804688 0.0623145 0.623622
2 0.416797 0.26632 0.0679687 0.0756677 0.666735
2 0.609766 0.518546 0.0914062 0.126113 0.785997
2 0.372266 0.571217 0.0835937 0.175074 0.791426
2 0.527734 0.689911 0.113281 0.20178 0.792961
2 0.332812 0.287834 0.0890625 0.0593472 0.836391
2 0.242969 0.598665 0.0984375 0.155786 0.861269
2 0.0972656 0.633531 0.130469 0.175074 0.875569
2 0.366797 0.775964 0.107031 0.192878 0.890287
2 0.182031 0.849407 0.15625 0.22997 0.914578
