2 0.216797 0.221068 0.0289063 0.0385757 0.628928
2 0.0863281 0.228487 0.0445312 0.0534125 0.654637
2 0.766797 0.910237 0.171094 0.173591 0.787357
5 0.560156 0.737389 0.201562 0.525223 0.82257
2 0.374609 0.54451 0.0742188 0.139466 0.831001
2 0.604297 0.514837 0.0695312 0.127596 0.834924
2 0.260547 0.594214 0.0898438 0.146884 0.852166
2 0.372266 0.744065 0.0929687 0.238872 0.882006
2 0.201953 0.792285 0.141406 0.228487 0.922372
2 0.216797 0.221068 0.0289063 0.0385757 0.628928
2 0.0863281 0.228487 0.0445312 0.0534125 0.654637
2 0.766797 0.910237 0.171094 0.173591 0.787357
5 0.560156 0.737389 0.201562 0.525223 0.82257
2 0.374609 0.54451 0.0742188 0.139466 0.831001
2 0.604297 0.514837 0.0695312 0.127596 0.834924
2 0.260547 0.594214 0.0898438 0.146884 0.852166
2 0.372266 0.744065 0.0929687 0.238872 0.882006
2 0.201953 0.792285 0.141406 0.228487 0.922372
