2 0.405469 0.161721 0.0203125 0.0326409 0.603886
2 0.354688 0.224777 0.04375 0.0548961 0.65686
2 0.378906 0.555638 0.075 0.120178 0.704226
2 0.125781 0.928783 0.1625 0.139466 0.740559
2 0.128516 0.586053 0.105469 0.142433 0.79922
2 0.223438 0.671365 0.125 0.218101 0.801248
2 0.260547 0.54822 0.0882813 0.132047 0.818669
2 0.614453 0.508902 0.0757812 0.133531 0.833271
2 0.34375 0.917656 0.132812 0.152819 0.836077
2 0.361328 0.696588 0.0992187 0.194362 0.846866
2 0.299219 0.339021 0.104687 0.0756677 0.890963
2 0.405469 0.161721 0.0203125 0.0326409 0.603886
2 0.354688 0.224777 0.04375 0.0548961 0.65686
2 0.378906 0.555638 0.075 0.120178 0.704226
2 0.125781 0.928783 0.1625 0.139466 0.740559
2 0.128516 0.586053 0.105469 0.142433 0.79922
2 0.223438 0.671365 0.125 0.218101 0.801248
2 0.260547 0.54822 0.0882813 0.132047 0.818669
2 0.614453 0.508902 0.0757812 0.133531 0.833271
2 0.34375 0.917656 0.132812 0.152819 0.836077
2 0.361328 0.696588 0.0992187 0.194362 0.846866
2 0.299219 0.339021 0.104687 0.0756677 0.890963
