2 0.158203 0.283383 0.0429688 0.0563798 0.605985
2 0.229687 0.329377 0.040625 0.0563798 0.624927
2 0.938281 0.341988 0.0640625 0.0608309 0.632138
2 0.218359 0.396142 0.0585938 0.0830861 0.673238
7 0.378125 0.555638 0.0734375 0.188427 0.779352
2 0.328516 0.887982 0.136719 0.212166 0.784426
2 0.474219 0.29451 0.0375 0.0637982 0.784552
2 0.327344 0.303412 0.0390625 0.0637982 0.78482
2 0.196094 0.465875 0.0796875 0.115727 0.849024
5 0.560938 0.720326 0.204688 0.550445 0.855876
2 0.158203 0.283383 0.0429688 0.0563798 0.605985
2 0.229687 0.329377 0.040625 0.0563798 0.624927
2 0.938281 0.341988 0.0640625 0.0608309 0.632138
2 0.218359 0.396142 0.0585938 0.0830861 0.673238
7 0.378125 0.555638 0.0734375 0.188427 0.779352
2 0.328516 0.887982 0.136719 0.212166 0.784426
2 0.474219 0.29451 0.0375 0.0637982 0.784552
2 0.327344 0.303412 0.0390625 0.0637982 0.78482
2 0.196094 0.465875 0.0796875 0.115727 0.849024
5 0.560938 0.720326 0.204688 0.550445 0.855876
