2 0.628125 0.913947 0.257812 0.169139 0.620994
2 0.9375 0.341988 0.065625 0.0608309 0.634732
2 0.206641 0.441395 0.0632813 0.0905045 0.657043
2 0.354297 0.298961 0.0742188 0.0608309 0.708308
2 0.501172 0.521513 0.0820312 0.152819 0.70867
2 0.136719 0.330861 0.0625 0.0712166 0.716172
2 0.455859 0.226261 0.0320312 0.0489614 0.719238
2 0.0570313 0.283383 0.06875 0.0563798 0.733363
2 0.264844 0.552671 0.084375 0.137982 0.811656
2 0.592969 0.327151 0.0984375 0.078635 0.847407
2 0.0660156 0.688427 0.132031 0.186944 0.876212
2 0.628125 0.913947 0.257812 0.169139 0.620994
2 0.9375 0.341988 0.065625 0.0608309 0.634732
2 0.206641 0.441395 0.0632813 0.0905045 0.657043
2 0.354297 0.298961 0.0742188 0.0608309 0.708308
2 0.501172 0.521513 0.0820312 0.152819 0.70867
2 0.136719 0.330861 0.0625 0.0712166 0.716172
2 0.455859 0.226261 0.0320312 0.0489614 0.719238
2 0.0570313 0.283383 0.06875 0.0563798 0.733363
2 0.264844 0.552671 0.084375 0.137982 0.811656
2 0.592969 0.327151 0.0984375 0.078635 0.847407
2 0.0660156 0.688427 0.132031 0.186944 0.876212
