2 0.221875 0.206231 0.028125 0.0504451 0.612567
2 0.698047 0.279674 0.0664062 0.0519288 0.614944
2 0.969531 0.323442 0.0609375 0.0474777 0.632427
2 0.170703 0.220326 0.0320312 0.0430267 0.6691
2 0.711719 0.37908 0.103125 0.123145 0.774244
2 0.597266 0.502967 0.0742188 0.118694 0.815879
2 0.374219 0.568991 0.0828125 0.164688 0.8358
2 0.517578 0.655044 0.113281 0.277448 0.881673
2 0.242578 0.591246 0.0898438 0.143917 0.89357
2 0.347656 0.870178 0.1375 0.238872 0.89384
2 0.151562 0.875371 0.1625 0.240356 0.914633
2 0.221875 0.206231 0.028125 0.0504451 0.612567
2 0.698047 0.279674 0.0664062 0.0519288 0.614944
2 0.969531 0.323442 0.0609375 0.0474777 0.632427
2 0.170703 0.220326 0.0320312 0.0430267 0.6691
2 0.711719 0.37908 0.103125 0.123145 0.774244
2 0.597266 0.502967 0.0742188 0.118694 0.815879
2 0.374219 0.568991 0.0828125 0.164688 0.8358
2 0.517578 0.655044 0.113281 0.277448 0.881673
2 0.242578 0.591246 0.0898438 0.143917 0.89357
2 0.347656 0.870178 0.1375 0.238872 0.89384
2 0.151562 0.875371 0.1625 0.240356 0.914633
