2 0.228516 0.198071 0.0320312 0.0548961 0.617467
2 0.367188 0.978487 0.121875 0.0430267 0.620412
2 0.0242187 0.876113 0.0484375 0.194362 0.64699
7 0.493359 0.501484 0.0851562 0.183976 0.653691
2 0.372266 0.573442 0.0851562 0.179525 0.661811
2 0.589063 0.295994 0.0921875 0.0608309 0.809242
2 0.527734 0.691395 0.113281 0.20178 0.817508
2 0.243359 0.597181 0.0992187 0.149852 0.85191
2 0.629687 0.591246 0.1 0.146884 0.884614
2 0.367188 0.776706 0.109375 0.191395 0.887043
2 0.182031 0.85089 0.153125 0.232938 0.909539
2 0.228516 0.198071 0.0320312 0.0548961 0.617467
2 0.367188 0.978487 0.121875 0.0430267 0.620412
2 0.0242187 0.876113 0.0484375 0.194362 0.64699
7 0.493359 0.501484 0.0851562 0.183976 0.653691
2 0.372266 0.573442 0.0851562 0.179525 0.661811
2 0.589063 0.295994 0.0921875 0.0608309 0.809242
2 0.527734 0.691395 0.113281 0.20178 0.817508
2 0.243359 0.597181 0.0992187 0.149852 0.85191
2 0.629687 0.591246 0.1 0.146884 0.884614
2 0.367188 0.776706 0.109375 0.191395 0.887043
2 0.182031 0.85089 0.153125 0.232938 0.909539
