2 0.257812 0.571217 0.0953125 0.130564 0.697304
2 0.111328 0.945104 0.172656 0.103858 0.704271
2 0.147656 0.320475 0.09375 0.0801187 0.763952
2 0.05 0.777448 0.1 0.222552 0.764407
2 0.578516 0.293769 0.0898438 0.0563798 0.776557
2 0.13125 0.582344 0.104687 0.155786 0.833587
2 0.215234 0.690653 0.119531 0.18546 0.840417
2 0.401563 0.326409 0.1 0.0890208 0.841417
2 0.600781 0.507418 0.0734375 0.124629 0.841998
2 0.500781 0.56454 0.0796875 0.132047 0.861474
2 0.510938 0.321958 0.0984375 0.0771513 0.871349
2 0.378125 0.606825 0.0859375 0.148368 0.887802
2 0.536328 0.727003 0.105469 0.183976 0.890921
2 0.366016 0.819733 0.114844 0.221068 0.904892
2 0.707031 0.777448 0.145313 0.225519 0.913265
2 0.257812 0.571217 0.0953125 0.130564 0.697304
2 0.111328 0.945104 0.172656 0.103858 0.704271
2 0.147656 0.320475 0.09375 0.0801187 0.763952
2 0.05 0.777448 0.1 0.222552 0.764407
2 0.578516 0.293769 0.0898438 0.0563798 0.776557
2 0.13125 0.582344 0.104687 0.155786 0.833587
2 0.215234 0.690653 0.119531 0.18546 0.840417
2 0.401563 0.326409 0.1 0.0890208 0.841417
2 0.600781 0.507418 0.0734375 0.124629 0.841998
2 0.500781 0.56454 0.0796875 0.132047 0.861474
2 0.510938 0.321958 0.0984375 0.0771513 0.871349
2 0.378125 0.606825 0.0859375 0.148368 0.887802
2 0.536328 0.727003 0.105469 0.183976 0.890921
2 0.366016 0.819733 0.114844 0.221068 0.904892
2 0.707031 0.777448 0.145313 0.225519 0.913265
