2 0.00898437 0.924332 0.0179687 0.121662 0.646556
2 0.216797 0.341988 0.0460938 0.0608309 0.649007
2 0.0378906 0.281157 0.0539063 0.0548961 0.714712
2 0.210156 0.414688 0.0671875 0.114243 0.72609
2 0.36875 0.570475 0.06875 0.137982 0.742661
2 0.134375 0.579377 0.104687 0.155786 0.798152
2 0.590625 0.470326 0.0640625 0.124629 0.801572
2 0.554688 0.327893 0.0984375 0.0682493 0.864238
2 0.513281 0.625371 0.0921875 0.164688 0.871969
2 0.377734 0.296736 0.0757812 0.0652819 0.883985
2 0.164062 0.862018 0.1625 0.243323 0.909889
