2 0.420703 0.180267 0.0210938 0.0281899 0.603573
2 0.248437 0.569733 0.096875 0.178042 0.627207
5 0.486719 0.45178 0.0765625 0.152819 0.685615
2 0.525391 0.666914 0.103906 0.194362 0.787737
2 0.367188 0.775223 0.10625 0.18546 0.814692
2 0.376172 0.519288 0.0757812 0.151335 0.82929
2 0.145313 0.550445 0.103125 0.169139 0.834121
2 0.182031 0.85089 0.153125 0.232938 0.916142
2 0.420703 0.180267 0.0210938 0.0281899 0.603573
2 0.248437 0.569733 0.096875 0.178042 0.627207
5 0.486719 0.45178 0.0765625 0.152819 0.685615
2 0.525391 0.666914 0.103906 0.194362 0.787737
2 0.367188 0.775223 0.10625 0.18546 0.814692
2 0.376172 0.519288 0.0757812 0.151335 0.82929
2 0.145313 0.550445 0.103125 0.169139 0.834121
2 0.182031 0.85089 0.153125 0.232938 0.916142
