5 0.541406 0.658754 0.178125 0.456973 0.601164
2 0.125781 0.928783 0.1625 0.139466 0.726321
2 0.960156 0.393917 0.0796875 0.0756677 0.751202
2 0.361719 0.698813 0.0984375 0.195846 0.772233
2 0.223828 0.669881 0.124219 0.218101 0.775468
2 0.261328 0.548961 0.0882813 0.130564 0.809424
2 0.343359 0.917656 0.132031 0.152819 0.817172
2 0.0730469 0.675816 0.119531 0.155786 0.887965
2 0.629297 0.326409 0.0773437 0.0712166 0.892847
5 0.541406 0.658754 0.178125 0.456973 0.601164
2 0.125781 0.928783 0.1625 0.139466 0.726321
2 0.960156 0.393917 0.0796875 0.0756677 0.751202
2 0.361719 0.698813 0.0984375 0.195846 0.772233
2 0.223828 0.669881 0.124219 0.218101 0.775468
2 0.261328 0.548961 0.0882813 0.130564 0.809424
2 0.343359 0.917656 0.132031 0.152819 0.817172
2 0.0730469 0.675816 0.119531 0.155786 0.887965
2 0.629297 0.326409 0.0773437 0.0712166 0.892847
