2 0.194922 0.264837 0.0742188 0.0578635 0.613456
2 0.380078 0.553412 0.0726563 0.118694 0.667632
2 0.504687 0.561573 0.084375 0.146884 0.669182
2 0.1 0.941395 0.171875 0.105341 0.774436
2 0.546094 0.931751 0.154687 0.136499 0.806919
2 0.261719 0.551187 0.0890625 0.132047 0.852833
2 0.537109 0.747033 0.121094 0.218101 0.858304
2 0.207422 0.702522 0.122656 0.194362 0.86923
2 0.053125 0.773739 0.103125 0.215134 0.873451
2 0.136328 0.574926 0.100781 0.143917 0.883808
2 0.369141 0.700297 0.102344 0.186944 0.887807
2 0.194922 0.264837 0.0742188 0.0578635 0.613456
2 0.380078 0.553412 0.0726563 0.118694 0.667632
2 0.504687 0.561573 0.084375 0.146884 0.669182
2 0.1 0.941395 0.171875 0.105341 0.774436
2 0.546094 0.931751 0.154687 0.136499 0.806919
2 0.261719 0.551187 0.0890625 0.132047 0.852833
2 0.537109 0.747033 0.121094 0.218101 0.858304
2 0.207422 0.702522 0.122656 0.194362 0.86923
2 0.053125 0.773739 0.103125 0.215134 0.873451
2 0.136328 0.574926 0.100781 0.143917 0.883808
2 0.369141 0.700297 0.102344 0.186944 0.887807
