2 0.491406 0.235905 0.05 0.0504451 0.643136
2 0.504687 0.566024 0.084375 0.132047 0.645939
2 0.379297 0.552671 0.0726563 0.120178 0.649239
2 0.345313 0.283383 0.0859375 0.0682493 0.664513
2 0.25 0.327893 0.1 0.074184 0.724981
2 0.0613281 0.311573 0.0898438 0.0919881 0.742857
2 0.592578 0.507418 0.0757812 0.118694 0.763237
2 0.546484 0.930267 0.152344 0.139466 0.769455
2 0.619141 0.431751 0.0726563 0.0919881 0.799924
2 0.262891 0.551929 0.0867188 0.139466 0.846883
2 0.5375 0.748516 0.121875 0.221068 0.852526
2 0.676953 0.704748 0.124219 0.192878 0.861684
2 0.128125 0.893917 0.173438 0.200297 0.866075
2 0.370313 0.698813 0.103125 0.183976 0.881673
2 0.0425781 0.846439 0.0835937 0.224036 0.886405
2 0.491406 0.235905 0.05 0.0504451 0.643136
2 0.504687 0.566024 0.084375 0.132047 0.645939
2 0.379297 0.552671 0.0726563 0.120178 0.649239
2 0.345313 0.283383 0.0859375 0.0682493 0.664513
2 0.25 0.327893 0.1 0.074184 0.724981
2 0.0613281 0.311573 0.0898438 0.0919881 0.742857
2 0.592578 0.507418 0.0757812 0.118694 0.763237
2 0.546484 0.930267 0.152344 0.139466 0.769455
2 0.619141 0.431751 0.0726563 0.0919881 0.799924
2 0.262891 0.551929 0.0867188 0.139466 0.846883
2 0.5375 0.748516 0.121875 0.221068 0.852526
2 0.676953 0.704748 0.124219 0.192878 0.861684
2 0.128125 0.893917 0.173438 0.200297 0.866075
2 0.370313 0.698813 0.103125 0.183976 0.881673
2 0.0425781 0.846439 0.0835937 0.224036 0.886405
