2 0.21875 0.373145 0.059375 0.105341 0.622871
2 0.323828 0.330861 0.0429688 0.0771513 0.633105
2 0.294531 0.429525 0.0640625 0.0994065 0.686088
5 0.480078 0.256677 0.0554687 0.11276 0.733522
2 0.388672 0.377596 0.0476562 0.078635 0.805399
2 0.364453 0.550445 0.0789063 0.145401 0.827206
5 0.504297 0.453264 0.113281 0.289318 0.891344
2 0.21875 0.373145 0.059375 0.105341 0.622871
2 0.323828 0.330861 0.0429688 0.0771513 0.633105
2 0.294531 0.429525 0.0640625 0.0994065 0.686088
5 0.480078 0.256677 0.0554687 0.11276 0.733522
2 0.388672 0.377596 0.0476562 0.078635 0.805399
2 0.364453 0.550445 0.0789063 0.145401 0.827206
5 0.504297 0.453264 0.113281 0.289318 0.891344
