2 0.391016 0.338279 0.0429688 0.074184 0.635441
2 0.530469 0.676558 0.110937 0.210682 0.741815
2 0.3 0.410979 0.0578125 0.10089 0.776973
2 0.175 0.525223 0.096875 0.130564 0.831244
2 0.0367187 0.8227 0.0734375 0.209199 0.834934
5 0.469531 0.249258 0.0515625 0.130564 0.841145
2 0.248047 0.606083 0.102344 0.173591 0.878925
2 0.378125 0.615727 0.0859375 0.15727 0.88946
2 0.391016 0.338279 0.0429688 0.074184 0.635441
2 0.530469 0.676558 0.110937 0.210682 0.741815
2 0.3 0.410979 0.0578125 0.10089 0.776973
2 0.175 0.525223 0.096875 0.130564 0.831244
2 0.0367187 0.8227 0.0734375 0.209199 0.834934
5 0.469531 0.249258 0.0515625 0.130564 0.841145
2 0.248047 0.606083 0.102344 0.173591 0.878925
2 0.378125 0.615727 0.0859375 0.15727 0.88946
