2 0.217969 0.394659 0.0578125 0.0801187 0.640687
2 0.0820312 0.345697 0.0609375 0.0801187 0.756203
2 0.331641 0.948813 0.130469 0.0905045 0.795646
2 0.371094 0.356825 0.0453125 0.078635 0.831266
2 0.196484 0.465875 0.0773437 0.118694 0.834907
2 0.383203 0.585312 0.0757812 0.132047 0.876262
5 0.475 0.31454 0.071875 0.181009 0.887615
2 0.217969 0.394659 0.0578125 0.0801187 0.640687
2 0.0820312 0.345697 0.0609375 0.0801187 0.756203
2 0.331641 0.948813 0.130469 0.0905045 0.795646
2 0.371094 0.356825 0.0453125 0.078635 0.831266
2 0.196484 0.465875 0.0773437 0.118694 0.834907
2 0.383203 0.585312 0.0757812 0.132047 0.876262
5 0.475 0.31454 0.071875 0.181009 0.887615
