2 0.380078 0.554154 0.0726563 0.117211 0.650004
2 0.504687 0.560831 0.084375 0.145401 0.680659
2 0.336328 0.238131 0.0523437 0.0489614 0.683955
2 0.100391 0.940653 0.172656 0.109792 0.775339
2 0.546094 0.931751 0.154687 0.136499 0.80404
2 0.261719 0.550445 0.0890625 0.133531 0.854494
2 0.537109 0.746291 0.121094 0.219585 0.86187
2 0.0527344 0.773739 0.102344 0.215134 0.869526
2 0.207813 0.702522 0.123438 0.194362 0.872235
2 0.135937 0.574184 0.1 0.145401 0.882968
2 0.36875 0.700297 0.101562 0.186944 0.886342
