2 0.114844 0.937685 0.171875 0.115727 0.765974
2 0.585547 0.946588 0.153906 0.103858 0.772876
2 0.490234 0.500742 0.0742188 0.126113 0.783774
2 0.15 0.551929 0.0953125 0.142433 0.793328
2 0.0535156 0.76632 0.107031 0.221068 0.842735
2 0.278516 0.517804 0.0789063 0.127596 0.858997
2 0.531641 0.706231 0.103906 0.183976 0.881933
2 0.382031 0.586053 0.0796875 0.148368 0.901671
2 0.223438 0.661721 0.110937 0.166172 0.902337
2 0.366797 0.813798 0.114844 0.224036 0.905722
2 0.114844 0.937685 0.171875 0.115727 0.765974
2 0.585547 0.946588 0.153906 0.103858 0.772876
2 0.490234 0.500742 0.0742188 0.126113 0.783774
2 0.15 0.551929 0.0953125 0.142433 0.793328
2 0.0535156 0.76632 0.107031 0.221068 0.842735
2 0.278516 0.517804 0.0789063 0.127596 0.858997
2 0.531641 0.706231 0.103906 0.183976 0.881933
2 0.382031 0.586053 0.0796875 0.148368 0.901671
2 0.223438 0.661721 0.110937 0.166172 0.902337
2 0.366797 0.813798 0.114844 0.224036 0.905722
