2 0.369141 0.577151 0.0867188 0.169139 0.697147
2 0.0132813 0.925816 0.0265625 0.127596 0.7036
2 0.381641 0.462166 0.0632813 0.120178 0.756536
2 0.314453 0.316024 0.0414063 0.0712166 0.779266
2 0.0933594 0.627596 0.124219 0.186944 0.818911
2 0.391016 0.291543 0.0367187 0.0608309 0.819543
2 0.169531 0.491098 0.09375 0.106825 0.828801
2 0.480078 0.465875 0.0617188 0.109792 0.840086
2 0.332812 0.861276 0.126563 0.232938 0.874292
2 0.520312 0.71365 0.104687 0.178042 0.894024
2 0.369141 0.577151 0.0867188 0.169139 0.697147
2 0.0132813 0.925816 0.0265625 0.127596 0.7036
2 0.381641 0.462166 0.0632813 0.120178 0.756536
2 0.314453 0.316024 0.0414063 0.0712166 0.779266
2 0.0933594 0.627596 0.124219 0.186944 0.818911
2 0.391016 0.291543 0.0367187 0.0608309 0.819543
2 0.169531 0.491098 0.09375 0.106825 0.828801
2 0.480078 0.465875 0.0617188 0.109792 0.840086
2 0.332812 0.861276 0.126563 0.232938 0.874292
2 0.520312 0.71365 0.104687 0.178042 0.894024
