2 0.209766 0.444362 0.0710938 0.0934718 0.670442
2 0.320312 0.313056 0.0390625 0.0801187 0.673286
2 0.669531 0.278932 0.0625 0.0504451 0.715105
2 0.469141 0.304154 0.0414063 0.0801187 0.760347
2 0.399609 0.28635 0.0367187 0.0593472 0.808589
2 0.0742188 0.660979 0.129688 0.170623 0.870301
2 0.209766 0.444362 0.0710938 0.0934718 0.670442
2 0.320312 0.313056 0.0390625 0.0801187 0.673286
2 0.669531 0.278932 0.0625 0.0504451 0.715105
2 0.469141 0.304154 0.0414063 0.0801187 0.760347
2 0.399609 0.28635 0.0367187 0.0593472 0.808589
2 0.0742188 0.660979 0.129688 0.170623 0.870301
