2 0.243359 0.255193 0.0335938 0.074184 0.625035
2 0.445703 0.176558 0.0242187 0.0385757 0.653207
2 0.223438 0.341246 0.04375 0.0919881 0.664956
2 0.20625 0.426558 0.0671875 0.0875371 0.800432
2 0.152734 0.537092 0.0945313 0.127596 0.818697
2 0.0605469 0.694362 0.121094 0.21365 0.866263
2 0.243359 0.255193 0.0335938 0.074184 0.625035
2 0.445703 0.176558 0.0242187 0.0385757 0.653207
2 0.223438 0.341246 0.04375 0.0919881 0.664956
2 0.20625 0.426558 0.0671875 0.0875371 0.800432
2 0.152734 0.537092 0.0945313 0.127596 0.818697
2 0.0605469 0.694362 0.121094 0.21365 0.866263
