2 0.243359 0.25816 0.0320312 0.0682493 0.636322
2 0.223438 0.340504 0.04375 0.0905045 0.665479
2 0.20625 0.425816 0.0671875 0.0860534 0.801753
2 0.152344 0.538576 0.0953125 0.130564 0.810481
2 0.520312 0.247033 0.05 0.0459941 0.830438
2 0.0605469 0.694362 0.121094 0.21365 0.869342
2 0.243359 0.25816 0.0320312 0.0682493 0.636322
2 0.223438 0.340504 0.04375 0.0905045 0.665479
2 0.20625 0.425816 0.0671875 0.0860534 0.801753
2 0.152344 0.538576 0.0953125 0.130564 0.810481
2 0.520312 0.247033 0.05 0.0459941 0.830438
2 0.0605469 0.694362 0.121094 0.21365 0.869342
