2 0.323438 0.318249 0.101562 0.0697329 0.672729
2 0.372266 0.515579 0.0679687 0.120178 0.716196
2 0.497656 0.513353 0.071875 0.118694 0.746882
2 0.108984 0.278932 0.0773437 0.0593472 0.761475
2 0.157813 0.897626 0.170312 0.186944 0.785116
2 0.444531 0.287834 0.0796875 0.0563798 0.793985
2 0.525781 0.633531 0.1 0.169139 0.805083
2 0.251563 0.562315 0.090625 0.130564 0.818924
2 0.363281 0.659496 0.09375 0.182493 0.822057
2 0.219531 0.698813 0.1125 0.181009 0.869396
2 0.132812 0.57641 0.10625 0.146884 0.879586
2 0.546094 0.867953 0.135937 0.240356 0.891695
