2 0.257812 0.570475 0.0953125 0.132047 0.702511
2 0.112109 0.945104 0.171094 0.10089 0.736246
2 0.29375 0.313056 0.090625 0.074184 0.840807
2 0.214062 0.690653 0.11875 0.182493 0.845773
2 0.132031 0.58457 0.10625 0.15727 0.856708
2 0.500391 0.566024 0.0789063 0.137982 0.859748
2 0.378125 0.607567 0.0859375 0.149852 0.883654
2 0.0371094 0.849407 0.0726563 0.244807 0.888261
2 0.536328 0.727003 0.105469 0.183976 0.889495
2 0.657422 0.67359 0.113281 0.178042 0.899556
2 0.366016 0.820475 0.114844 0.219585 0.903078
2 0.257812 0.570475 0.0953125 0.132047 0.702511
2 0.112109 0.945104 0.171094 0.10089 0.736246
2 0.29375 0.313056 0.090625 0.074184 0.840807
2 0.214062 0.690653 0.11875 0.182493 0.845773
2 0.132031 0.58457 0.10625 0.15727 0.856708
2 0.500391 0.566024 0.0789063 0.137982 0.859748
2 0.378125 0.607567 0.0859375 0.149852 0.883654
2 0.0371094 0.849407 0.0726563 0.244807 0.888261
2 0.536328 0.727003 0.105469 0.183976 0.889495
2 0.657422 0.67359 0.113281 0.178042 0.899556
2 0.366016 0.820475 0.114844 0.219585 0.903078
