2 0.542188 0.252967 0.0625 0.0489614 0.640745
2 0.249609 0.293027 0.0914062 0.0489614 0.64165
2 0.95 0.347923 0.06875 0.0637982 0.675291
2 0.604688 0.292285 0.090625 0.0652819 0.686386
2 0.611719 0.542285 0.0890625 0.146884 0.7443
2 0.698438 0.338279 0.115625 0.074184 0.751654
2 0.545703 0.931751 0.157031 0.136499 0.786717
2 0.0644531 0.3227 0.0835937 0.0667656 0.802095
2 0.262109 0.550445 0.0867188 0.136499 0.860805
2 0.537109 0.747033 0.121094 0.221068 0.869167
2 0.367969 0.699555 0.101562 0.188427 0.877865
2 0.542188 0.252967 0.0625 0.0489614 0.640745
2 0.249609 0.293027 0.0914062 0.0489614 0.64165
2 0.95 0.347923 0.06875 0.0637982 0.675291
2 0.604688 0.292285 0.090625 0.0652819 0.686386
2 0.611719 0.542285 0.0890625 0.146884 0.7443
2 0.698438 0.338279 0.115625 0.074184 0.751654
2 0.545703 0.931751 0.157031 0.136499 0.786717
2 0.0644531 0.3227 0.0835937 0.0667656 0.802095
2 0.262109 0.550445 0.0867188 0.136499 0.860805
2 0.537109 0.747033 0.121094 0.221068 0.869167
2 0.367969 0.699555 0.101562 0.188427 0.877865
