2 0.059375 0.272997 0.08125 0.0593472 0.682968
2 0.127344 0.585312 0.104687 0.143917 0.713571
2 0.777734 0.903561 0.188281 0.181009 0.726496
2 0.125781 0.928783 0.1625 0.139466 0.730234
2 0.223438 0.671365 0.125 0.218101 0.736897
2 0.378906 0.557863 0.0765625 0.121662 0.792139
2 0.260938 0.54822 0.0890625 0.132047 0.794739
2 0.180859 0.354599 0.100781 0.0890208 0.807667
2 0.343359 0.916914 0.128906 0.154303 0.825118
2 0.360938 0.695104 0.0984375 0.194362 0.854015
2 0.480859 0.317507 0.108594 0.0682493 0.88097
2 0.059375 0.272997 0.08125 0.0593472 0.682968
2 0.127344 0.585312 0.104687 0.143917 0.713571
2 0.777734 0.903561 0.188281 0.181009 0.726496
2 0.125781 0.928783 0.1625 0.139466 0.730234
2 0.223438 0.671365 0.125 0.218101 0.736897
2 0.378906 0.557863 0.0765625 0.121662 0.792139
2 0.260938 0.54822 0.0890625 0.132047 0.794739
2 0.180859 0.354599 0.100781 0.0890208 0.807667
2 0.343359 0.916914 0.128906 0.154303 0.825118
2 0.360938 0.695104 0.0984375 0.194362 0.854015
2 0.480859 0.317507 0.108594 0.0682493 0.88097
