2 0.604688 0.445104 0.0671875 0.11276 0.602915
2 0.075 0.235163 0.040625 0.0519288 0.611674
5 0.541406 0.656528 0.176563 0.464392 0.61939
2 0.983203 0.341246 0.0335938 0.0860534 0.630574
2 0.378516 0.557863 0.0757812 0.121662 0.649542
2 0.937109 0.34273 0.0664062 0.0623145 0.662557
2 0.125781 0.928783 0.1625 0.139466 0.713973
2 0.261328 0.548961 0.0882813 0.133531 0.81002
2 0.223828 0.670623 0.124219 0.219585 0.815057
2 0.361328 0.696588 0.0976562 0.194362 0.816995
2 0.342969 0.916914 0.132812 0.151335 0.827292
