2 0.391406 0.324184 0.0390625 0.0608309 0.671629
7 0.244922 0.571217 0.103906 0.21365 0.678735
2 0.33125 0.285608 0.040625 0.0608309 0.712792
2 0.387109 0.400593 0.0476562 0.10089 0.713746
2 0.0527344 0.377596 0.0679687 0.0875371 0.722437
2 0.308203 0.413205 0.0585938 0.0964392 0.743403
2 0.473437 0.389466 0.0515625 0.0934718 0.788448
2 0.374609 0.64911 0.0929687 0.173591 0.818792
2 0.103125 0.655044 0.128125 0.161721 0.866643
5 0.562891 0.710683 0.205469 0.554896 0.91921
2 0.391406 0.324184 0.0390625 0.0608309 0.671629
7 0.244922 0.571217 0.103906 0.21365 0.678735
2 0.33125 0.285608 0.040625 0.0608309 0.712792
2 0.387109 0.400593 0.0476562 0.10089 0.713746
2 0.0527344 0.377596 0.0679687 0.0875371 0.722437
2 0.308203 0.413205 0.0585938 0.0964392 0.743403
2 0.473437 0.389466 0.0515625 0.0934718 0.788448
2 0.374609 0.64911 0.0929687 0.173591 0.818792
2 0.103125 0.655044 0.128125 0.161721 0.866643
5 0.562891 0.710683 0.205469 0.554896 0.91921
