2 0.504297 0.561573 0.0851562 0.146884 0.675652
2 0.380078 0.553412 0.0726563 0.118694 0.68423
2 0.1 0.942137 0.171875 0.103858 0.778542
2 0.545703 0.931751 0.155469 0.136499 0.804682
2 0.261328 0.550445 0.0898438 0.136499 0.849048
2 0.537109 0.747033 0.121094 0.221068 0.862153
2 0.207813 0.702522 0.123438 0.194362 0.87296
2 0.053125 0.772997 0.104687 0.21365 0.882071
2 0.136328 0.573442 0.100781 0.14095 0.885571
2 0.36875 0.699555 0.103125 0.188427 0.888225
2 0.504297 0.561573 0.0851562 0.146884 0.675652
2 0.380078 0.553412 0.0726563 0.118694 0.68423
2 0.1 0.942137 0.171875 0.103858 0.778542
2 0.545703 0.931751 0.155469 0.136499 0.804682
2 0.261328 0.550445 0.0898438 0.136499 0.849048
2 0.537109 0.747033 0.121094 0.221068 0.862153
2 0.207813 0.702522 0.123438 0.194362 0.87296
2 0.053125 0.772997 0.104687 0.21365 0.882071
2 0.136328 0.573442 0.100781 0.14095 0.885571
2 0.36875 0.699555 0.103125 0.188427 0.888225
