2 0.223828 0.338279 0.0445312 0.0860534 0.622089
2 0.393359 0.259644 0.0335938 0.0445104 0.692359
2 0.328125 0.329377 0.0484375 0.0801187 0.694672
2 0.05625 0.712166 0.1125 0.231454 0.768849
2 0.205469 0.425074 0.06875 0.0875371 0.789049
2 0.152734 0.540801 0.0960938 0.135015 0.803317
2 0.2875 0.462166 0.0703125 0.126113 0.841064
2 0.548047 0.251484 0.0601562 0.0578635 0.845231
2 0.223828 0.338279 0.0445312 0.0860534 0.622089
2 0.393359 0.259644 0.0335938 0.0445104 0.692359
2 0.328125 0.329377 0.0484375 0.0801187 0.694672
2 0.05625 0.712166 0.1125 0.231454 0.768849
2 0.205469 0.425074 0.06875 0.0875371 0.789049
2 0.152734 0.540801 0.0960938 0.135015 0.803317
2 0.2875 0.462166 0.0703125 0.126113 0.841064
2 0.548047 0.251484 0.0601562 0.0578635 0.845231
