2 0.416016 0.195104 0.0226563 0.0400593 0.609568
2 0.664844 0.303412 0.078125 0.0637982 0.629278
2 0.121875 0.567507 0.103125 0.132047 0.804635
2 0.55625 0.936944 0.142188 0.126113 0.819222
2 0.374219 0.568249 0.0828125 0.163205 0.832696
2 0.633594 0.419139 0.0796875 0.102374 0.846273
2 0.348047 0.870178 0.136719 0.238872 0.881988
2 0.517578 0.654303 0.113281 0.278932 0.885586
2 0.242578 0.590504 0.0898438 0.145401 0.888299
2 0.159375 0.856083 0.154687 0.231454 0.911993
2 0.416016 0.195104 0.0226563 0.0400593 0.609568
2 0.664844 0.303412 0.078125 0.0637982 0.629278
2 0.121875 0.567507 0.103125 0.132047 0.804635
2 0.55625 0.936944 0.142188 0.126113 0.819222
2 0.374219 0.568249 0.0828125 0.163205 0.832696
2 0.633594 0.419139 0.0796875 0.102374 0.846273
2 0.348047 0.870178 0.136719 0.238872 0.881988
2 0.517578 0.654303 0.113281 0.278932 0.885586
2 0.242578 0.590504 0.0898438 0.145401 0.888299
2 0.159375 0.856083 0.154687 0.231454 0.911993
