2 0.425391 0.292285 0.0320312 0.0504451 0.692462
2 0.586328 0.958457 0.144531 0.074184 0.701306
2 0.790625 0.925816 0.176563 0.139466 0.718148
2 0.111719 0.944362 0.171875 0.105341 0.722696
2 0.6 0.494065 0.0734375 0.133531 0.747525
2 0.257422 0.571217 0.0960938 0.136499 0.75727
2 0.0515625 0.77819 0.101562 0.218101 0.82169
2 0.214453 0.691395 0.117969 0.181009 0.850197
2 0.500391 0.565282 0.0789063 0.136499 0.864148
2 0.132422 0.579377 0.111719 0.143917 0.868702
2 0.378516 0.606825 0.0851562 0.151335 0.884217
2 0.536328 0.726261 0.107031 0.182493 0.895666
2 0.366406 0.820475 0.114063 0.219585 0.898049
