7 0.394922 0.370178 0.0664062 0.152819 0.640646
2 0.2375 0.256677 0.03125 0.0623145 0.649366
2 0.45625 0.235905 0.03125 0.0504451 0.676636
2 0.214453 0.376855 0.0554687 0.0979228 0.714503
2 0.467969 0.315282 0.046875 0.0816024 0.756186
2 0.946875 0.347923 0.075 0.0697329 0.765526
2 0.372266 0.61276 0.0882813 0.154303 0.83989
2 0.183984 0.462166 0.0710938 0.108309 0.848862
7 0.394922 0.370178 0.0664062 0.152819 0.640646
2 0.2375 0.256677 0.03125 0.0623145 0.649366
2 0.45625 0.235905 0.03125 0.0504451 0.676636
2 0.214453 0.376855 0.0554687 0.0979228 0.714503
2 0.467969 0.315282 0.046875 0.0816024 0.756186
2 0.946875 0.347923 0.075 0.0697329 0.765526
2 0.372266 0.61276 0.0882813 0.154303 0.83989
2 0.183984 0.462166 0.0710938 0.108309 0.848862
