2 0.299219 0.93546 0.171875 0.123145 0.610051
2 0.143359 0.270772 0.0789063 0.0548961 0.643899
2 0.380078 0.553412 0.0726563 0.118694 0.656012
2 0.504687 0.562315 0.084375 0.145401 0.657399
2 0.1 0.941395 0.171875 0.105341 0.776983
2 0.545703 0.931751 0.155469 0.136499 0.805618
2 0.537109 0.747033 0.121094 0.218101 0.856487
2 0.262109 0.550445 0.0898438 0.133531 0.85697
2 0.207422 0.702522 0.122656 0.194362 0.86364
2 0.0527344 0.774481 0.103906 0.21365 0.873389
2 0.136328 0.574184 0.100781 0.145401 0.88567
2 0.369141 0.700297 0.102344 0.189911 0.888148
