5 0.0875 0.22181 0.065625 0.102374 0.626416
2 0.937891 0.341246 0.0648438 0.0593472 0.637672
2 0.229297 0.330861 0.0414063 0.0593472 0.664679
2 0.218359 0.394659 0.0585938 0.0801187 0.684924
2 0.65625 0.410979 0.08125 0.0919881 0.824826
2 0.194922 0.466617 0.0789063 0.117211 0.853652
2 0.154687 0.562315 0.09375 0.136499 0.854002
5 0.0875 0.22181 0.065625 0.102374 0.626416
2 0.937891 0.341246 0.0648438 0.0593472 0.637672
2 0.229297 0.330861 0.0414063 0.0593472 0.664679
2 0.218359 0.394659 0.0585938 0.0801187 0.684924
2 0.65625 0.410979 0.08125 0.0919881 0.824826
2 0.194922 0.466617 0.0789063 0.117211 0.853652
2 0.154687 0.562315 0.09375 0.136499 0.854002
