2 0.125391 0.276706 0.0835937 0.0608309 0.607541
2 0.374219 0.52003 0.0703125 0.0875371 0.63326
2 0.33125 0.922849 0.142188 0.148368 0.644481
2 0.271484 0.549703 0.0804688 0.14095 0.670157
2 0.377344 0.644659 0.0796875 0.218101 0.737966
5 0.541016 0.672107 0.164844 0.489614 0.778898
2 0.156641 0.535608 0.0851562 0.136499 0.837259
2 0.0539063 0.714392 0.107813 0.188427 0.884435
2 0.224219 0.72181 0.123438 0.191395 0.899325
2 0.125391 0.276706 0.0835937 0.0608309 0.607541
2 0.374219 0.52003 0.0703125 0.0875371 0.63326
2 0.33125 0.922849 0.142188 0.148368 0.644481
2 0.271484 0.549703 0.0804688 0.14095 0.670157
2 0.377344 0.644659 0.0796875 0.218101 0.737966
5 0.541016 0.672107 0.164844 0.489614 0.778898
2 0.156641 0.535608 0.0851562 0.136499 0.837259
2 0.0539063 0.714392 0.107813 0.188427 0.884435
2 0.224219 0.72181 0.123438 0.191395 0.899325
