2 0.413672 0.190653 0.0257812 0.0341246 0.740892
2 0.374219 0.568991 0.0828125 0.164688 0.801323
2 0.121484 0.568991 0.105469 0.135015 0.813771
2 0.555859 0.936202 0.142969 0.127596 0.835965
2 0.585547 0.472552 0.0742188 0.105341 0.839514
2 0.517578 0.654303 0.113281 0.275964 0.86189
2 0.0582031 0.718843 0.116406 0.188427 0.875237
2 0.348437 0.870178 0.1375 0.238872 0.882266
2 0.630469 0.616469 0.09375 0.152819 0.887932
2 0.242578 0.590504 0.0898438 0.145401 0.89162
2 0.159766 0.856083 0.155469 0.231454 0.916409
