2 0.0652344 0.310089 0.0554687 0.0771513 0.620881
2 0.969141 0.319733 0.0617188 0.0489614 0.649881
2 0.184375 0.48368 0.0828125 0.103858 0.672294
2 0.278125 0.502226 0.078125 0.14095 0.674046
7 0.117188 0.594214 0.0984375 0.18546 0.674498
5 0.480078 0.206231 0.0382813 0.0979228 0.735561
2 0.483594 0.452522 0.0640625 0.139466 0.784049
2 0.35 0.315282 0.04375 0.0637982 0.79989
2 0.409375 0.381306 0.0515625 0.0949555 0.805432
2 0.139453 0.882789 0.169531 0.219585 0.862682
2 0.355469 0.744065 0.10625 0.203264 0.872759
2 0.0652344 0.310089 0.0554687 0.0771513 0.620881
2 0.969141 0.319733 0.0617188 0.0489614 0.649881
2 0.184375 0.48368 0.0828125 0.103858 0.672294
2 0.278125 0.502226 0.078125 0.14095 0.674046
7 0.117188 0.594214 0.0984375 0.18546 0.674498
5 0.480078 0.206231 0.0382813 0.0979228 0.735561
2 0.483594 0.452522 0.0640625 0.139466 0.784049
2 0.35 0.315282 0.04375 0.0637982 0.79989
2 0.409375 0.381306 0.0515625 0.0949555 0.805432
2 0.139453 0.882789 0.169531 0.219585 0.862682
2 0.355469 0.744065 0.10625 0.203264 0.872759
