2 0.326953 0.295252 0.0382813 0.0652819 0.629214
2 0.375781 0.356083 0.0421875 0.0771513 0.675351
2 0.393359 0.291543 0.0367187 0.0608309 0.679257
2 0.133984 0.925074 0.166406 0.135015 0.751865
2 0.266406 0.528932 0.0921875 0.152819 0.764218
2 0.144922 0.550445 0.0929687 0.151335 0.776304
2 0.460156 0.344956 0.0453125 0.0756677 0.7961
2 0.375 0.48368 0.0671875 0.109792 0.806191
2 0.0410156 0.865727 0.0804688 0.232938 0.868798
2 0.357031 0.804896 0.110937 0.200297 0.896833
2 0.485938 0.462908 0.075 0.121662 0.904277
2 0.326953 0.295252 0.0382813 0.0652819 0.629214
2 0.375781 0.356083 0.0421875 0.0771513 0.675351
2 0.393359 0.291543 0.0367187 0.0608309 0.679257
2 0.133984 0.925074 0.166406 0.135015 0.751865
2 0.266406 0.528932 0.0921875 0.152819 0.764218
2 0.144922 0.550445 0.0929687 0.151335 0.776304
2 0.460156 0.344956 0.0453125 0.0756677 0.7961
2 0.375 0.48368 0.0671875 0.109792 0.806191
2 0.0410156 0.865727 0.0804688 0.232938 0.868798
2 0.357031 0.804896 0.110937 0.200297 0.896833
2 0.485938 0.462908 0.075 0.121662 0.904277
