2 0.185937 0.212908 0.028125 0.037092 0.608357
2 0.0886719 0.318991 0.0695312 0.0712166 0.63599
7 0.504687 0.561573 0.0828125 0.161721 0.658125
2 0.948047 0.348665 0.0695312 0.0652819 0.692635
2 0.440234 0.222552 0.0414063 0.0563798 0.694462
7 0.38125 0.560831 0.071875 0.136499 0.700859
2 0.262109 0.552671 0.0867188 0.137982 0.797649
2 0.717188 0.344956 0.09375 0.0756677 0.806188
2 0.185937 0.212908 0.028125 0.037092 0.608357
2 0.0886719 0.318991 0.0695312 0.0712166 0.63599
7 0.504687 0.561573 0.0828125 0.161721 0.658125
2 0.948047 0.348665 0.0695312 0.0652819 0.692635
2 0.440234 0.222552 0.0414063 0.0563798 0.694462
7 0.38125 0.560831 0.071875 0.136499 0.700859
2 0.262109 0.552671 0.0867188 0.137982 0.797649
2 0.717188 0.344956 0.09375 0.0756677 0.806188
