2 0.380078 0.554154 0.0726563 0.117211 0.60626
2 0.582812 0.47181 0.0703125 0.0919881 0.656843
2 0.505469 0.282641 0.0828125 0.0608309 0.669158
2 0.95 0.347923 0.06875 0.0637982 0.716384
2 0.635156 0.422107 0.0765625 0.0994065 0.719322
2 0.179688 0.312315 0.0828125 0.0667656 0.72292
2 0.455078 0.335312 0.105469 0.074184 0.772094
2 0.545703 0.931751 0.157031 0.136499 0.785708
2 0.2625 0.554896 0.0875 0.139466 0.796745
2 0.642969 0.615727 0.107813 0.160237 0.855736
2 0.537891 0.747033 0.121094 0.221068 0.864749
2 0.367969 0.699555 0.101562 0.188427 0.873984
2 0.187109 0.761128 0.136719 0.204748 0.886304
2 0.065625 0.710683 0.13125 0.175074 0.901673
2 0.380078 0.554154 0.0726563 0.117211 0.60626
2 0.582812 0.47181 0.0703125 0.0919881 0.656843
2 0.505469 0.282641 0.0828125 0.0608309 0.669158
2 0.95 0.347923 0.06875 0.0637982 0.716384
2 0.635156 0.422107 0.0765625 0.0994065 0.719322
2 0.179688 0.312315 0.0828125 0.0667656 0.72292
2 0.455078 0.335312 0.105469 0.074184 0.772094
2 0.545703 0.931751 0.157031 0.136499 0.785708
2 0.2625 0.554896 0.0875 0.139466 0.796745
2 0.642969 0.615727 0.107813 0.160237 0.855736
2 0.537891 0.747033 0.121094 0.221068 0.864749
2 0.367969 0.699555 0.101562 0.188427 0.873984
2 0.187109 0.761128 0.136719 0.204748 0.886304
2 0.065625 0.710683 0.13125 0.175074 0.901673
