2 0.586719 0.958457 0.145313 0.074184 0.708242
2 0.111719 0.944362 0.171875 0.105341 0.720052
2 0.257031 0.5727 0.0953125 0.133531 0.746134
2 0.0515625 0.777448 0.101562 0.219585 0.821545
2 0.214062 0.692137 0.117188 0.182493 0.822583
2 0.131641 0.581602 0.103906 0.154303 0.834353
7 0.605469 0.449555 0.0859375 0.207715 0.837169
2 0.500391 0.565282 0.0789063 0.136499 0.859599
2 0.365234 0.320475 0.111719 0.0682493 0.868918
2 0.378516 0.607567 0.0851562 0.149852 0.885065
2 0.535937 0.725519 0.10625 0.181009 0.896508
2 0.366406 0.819733 0.114063 0.221068 0.90172
