2 0.374219 0.511869 0.065625 0.118694 0.740777
2 0.498437 0.515579 0.0734375 0.120178 0.778192
2 0.251953 0.563056 0.0914062 0.135015 0.778596
2 0.344531 0.919881 0.140625 0.151335 0.812885
2 0.155859 0.898368 0.174219 0.188427 0.813452
2 0.362109 0.655786 0.0914062 0.181009 0.820098
2 0.525391 0.634273 0.0992187 0.170623 0.834073
2 0.138672 0.557863 0.0960938 0.127596 0.866921
2 0.219141 0.698813 0.111719 0.181009 0.882231
2 0.399609 0.329377 0.0960938 0.074184 0.89004
2 0.546094 0.867211 0.135937 0.238872 0.899838
2 0.0425781 0.847923 0.0835937 0.215134 0.901825
