2 0.171875 0.223294 0.03125 0.037092 0.655875
2 0.969141 0.319733 0.0617188 0.0489614 0.667381
2 0.496875 0.53635 0.071875 0.123145 0.688531
2 0.260156 0.267062 0.040625 0.0563798 0.700207
2 0.3625 0.711424 0.107813 0.203264 0.814653
2 0.377344 0.288576 0.078125 0.0667656 0.827299
2 0.242578 0.59273 0.0898438 0.143917 0.877402
2 0.171875 0.223294 0.03125 0.037092 0.655875
2 0.969141 0.319733 0.0617188 0.0489614 0.667381
2 0.496875 0.53635 0.071875 0.123145 0.688531
2 0.260156 0.267062 0.040625 0.0563798 0.700207
2 0.3625 0.711424 0.107813 0.203264 0.814653
2 0.377344 0.288576 0.078125 0.0667656 0.827299
2 0.242578 0.59273 0.0898438 0.143917 0.877402
