2 0.244141 0.255193 0.0335938 0.0682493 0.627542
2 0.223438 0.340504 0.04375 0.0905045 0.648428
2 0.485156 0.207715 0.0265625 0.0356083 0.696451
2 0.205469 0.425816 0.0671875 0.0860534 0.798845
2 0.152734 0.537092 0.0960938 0.127596 0.81701
2 0.0609375 0.695846 0.121875 0.210682 0.874591
2 0.244141 0.255193 0.0335938 0.0682493 0.627542
2 0.223438 0.340504 0.04375 0.0905045 0.648428
2 0.485156 0.207715 0.0265625 0.0356083 0.696451
2 0.205469 0.425816 0.0671875 0.0860534 0.798845
2 0.152734 0.537092 0.0960938 0.127596 0.81701
2 0.0609375 0.695846 0.121875 0.210682 0.874591
