2 0.366797 0.979228 0.121094 0.041543 0.602264
2 0.0351562 0.280415 0.0515625 0.0563798 0.604304
5 0.49375 0.502226 0.084375 0.18546 0.610229
7 0.586328 0.925816 0.150781 0.148368 0.638733
2 0.243359 0.586795 0.0992187 0.170623 0.714282
2 0.372266 0.571958 0.0820312 0.173591 0.73981
2 0.528125 0.692137 0.1125 0.200297 0.813809
2 0.146094 0.549703 0.104687 0.164688 0.818865
2 0.258594 0.336795 0.107813 0.0860534 0.844479
2 0.367188 0.775964 0.109375 0.189911 0.891092
2 0.182031 0.850148 0.154687 0.231454 0.908727
