2 0.078125 0.23368 0.0421875 0.0459941 0.615475
2 0.330859 0.92359 0.142969 0.146884 0.630482
2 0.374219 0.519288 0.0703125 0.0890208 0.663183
2 0.271484 0.548961 0.0804688 0.142433 0.703532
2 0.377734 0.647626 0.0804688 0.215134 0.777192
2 0.573047 0.25816 0.0726563 0.0563798 0.815461
2 0.155859 0.535608 0.0835937 0.136499 0.842098
5 0.540625 0.670623 0.165625 0.489614 0.851397
2 0.214844 0.356825 0.1125 0.0875371 0.890986
2 0.223828 0.720326 0.122656 0.191395 0.904749
2 0.078125 0.23368 0.0421875 0.0459941 0.615475
2 0.330859 0.92359 0.142969 0.146884 0.630482
2 0.374219 0.519288 0.0703125 0.0890208 0.663183
2 0.271484 0.548961 0.0804688 0.142433 0.703532
2 0.377734 0.647626 0.0804688 0.215134 0.777192
2 0.573047 0.25816 0.0726563 0.0563798 0.815461
2 0.155859 0.535608 0.0835937 0.136499 0.842098
5 0.540625 0.670623 0.165625 0.489614 0.851397
2 0.214844 0.356825 0.1125 0.0875371 0.890986
2 0.223828 0.720326 0.122656 0.191395 0.904749
