2 0.440234 0.229228 0.0273438 0.0430267 0.612831
2 0.0371094 0.333086 0.0476562 0.0756677 0.627481
2 0.219531 0.391691 0.0625 0.121662 0.653607
2 0.948828 0.341246 0.0914062 0.0712166 0.653936
7 0.0800781 0.23368 0.0507812 0.0934718 0.672097
2 0.169531 0.27003 0.040625 0.0504451 0.739081
2 0.396094 0.26632 0.0328125 0.0519288 0.758231
2 0.0847656 0.343472 0.0570313 0.078635 0.803494
2 0.373437 0.542285 0.075 0.12908 0.851736
5 0.483984 0.347181 0.0742188 0.189911 0.890161
2 0.440234 0.229228 0.0273438 0.0430267 0.612831
2 0.0371094 0.333086 0.0476562 0.0756677 0.627481
2 0.219531 0.391691 0.0625 0.121662 0.653607
2 0.948828 0.341246 0.0914062 0.0712166 0.653936
7 0.0800781 0.23368 0.0507812 0.0934718 0.672097
2 0.169531 0.27003 0.040625 0.0504451 0.739081
2 0.396094 0.26632 0.0328125 0.0519288 0.758231
2 0.0847656 0.343472 0.0570313 0.078635 0.803494
2 0.373437 0.542285 0.075 0.12908 0.851736
5 0.483984 0.347181 0.0742188 0.189911 0.890161
