2 0.969141 0.320475 0.0617188 0.0504451 0.669637
2 0.171875 0.224036 0.0296875 0.0356083 0.687466
2 0.223047 0.203264 0.0273438 0.0445104 0.694386
2 0.517187 0.244807 0.05 0.0504451 0.734365
2 0.374219 0.568991 0.0828125 0.161721 0.838807
2 0.630859 0.603858 0.102344 0.154303 0.857196
2 0.624609 0.43546 0.0773437 0.0934718 0.857812
2 0.518359 0.653561 0.113281 0.274481 0.872884
2 0.242969 0.591246 0.0890625 0.143917 0.899884
2 0.347656 0.87092 0.1375 0.237389 0.901019
2 0.151953 0.876855 0.163281 0.240356 0.914053
