2 0.51875 0.272997 0.09375 0.0682493 0.60325
2 0.110937 0.946588 0.171875 0.103858 0.635675
2 0.128906 0.316024 0.0921875 0.0712166 0.690338
2 0.366016 0.313798 0.114844 0.0875371 0.719966
2 0.257812 0.570475 0.09375 0.135015 0.7439
2 0.131641 0.581602 0.111719 0.145401 0.792877
2 0.214453 0.691395 0.117969 0.183976 0.832939
2 0.629687 0.560089 0.096875 0.170623 0.854643
2 0.5 0.566024 0.0796875 0.137982 0.855797
2 0.378125 0.608309 0.0859375 0.151335 0.887325
2 0.536328 0.727745 0.105469 0.18546 0.89441
2 0.366406 0.819733 0.114063 0.221068 0.904577
