2 0.374219 0.568991 0.0828125 0.164688 0.803446
2 0.121484 0.566766 0.105469 0.130564 0.820274
2 0.555859 0.936202 0.142969 0.127596 0.838096
2 0.582031 0.46365 0.0734375 0.114243 0.847975
2 0.517187 0.654303 0.1125 0.275964 0.861885
2 0.348047 0.870178 0.136719 0.238872 0.881021
2 0.242578 0.590504 0.0898438 0.145401 0.891395
2 0.616016 0.574926 0.0851562 0.137982 0.893004
2 0.0605469 0.715134 0.121094 0.178042 0.909014
2 0.159766 0.856083 0.155469 0.231454 0.919372
2 0.374219 0.568991 0.0828125 0.164688 0.803446
2 0.121484 0.566766 0.105469 0.130564 0.820274
2 0.555859 0.936202 0.142969 0.127596 0.838096
2 0.582031 0.46365 0.0734375 0.114243 0.847975
2 0.517187 0.654303 0.1125 0.275964 0.861885
2 0.348047 0.870178 0.136719 0.238872 0.881021
2 0.242578 0.590504 0.0898438 0.145401 0.891395
2 0.616016 0.574926 0.0851562 0.137982 0.893004
2 0.0605469 0.715134 0.121094 0.178042 0.909014
2 0.159766 0.856083 0.155469 0.231454 0.919372
