2 0.511719 0.25 0.0546875 0.0489614 0.682117
2 0.947266 0.347923 0.0695312 0.0667656 0.719035
2 0.298047 0.293027 0.0664062 0.0637982 0.753552
2 0.205078 0.381306 0.0507812 0.0890208 0.804477
2 0.633203 0.267804 0.0835937 0.0578635 0.809716
2 0.167578 0.311573 0.0585938 0.0652819 0.817427
2 0.532031 0.321958 0.0890625 0.0712166 0.849778
2 0.235938 0.627596 0.10625 0.169139 0.881194
2 0.515234 0.632789 0.0992187 0.191395 0.885878
2 0.370313 0.714392 0.101562 0.176558 0.8894
2 0.511719 0.25 0.0546875 0.0489614 0.682117
2 0.947266 0.347923 0.0695312 0.0667656 0.719035
2 0.298047 0.293027 0.0664062 0.0637982 0.753552
2 0.205078 0.381306 0.0507812 0.0890208 0.804477
2 0.633203 0.267804 0.0835937 0.0578635 0.809716
2 0.167578 0.311573 0.0585938 0.0652819 0.817427
2 0.532031 0.321958 0.0890625 0.0712166 0.849778
2 0.235938 0.627596 0.10625 0.169139 0.881194
2 0.515234 0.632789 0.0992187 0.191395 0.885878
2 0.370313 0.714392 0.101562 0.176558 0.8894
