2 0.330859 0.92359 0.142969 0.146884 0.640406
2 0.374219 0.519288 0.0703125 0.0890208 0.672693
2 0.672656 0.275964 0.0640625 0.0593472 0.675211
2 0.965234 0.35905 0.0695312 0.0652819 0.700203
2 0.271484 0.547478 0.0804688 0.139466 0.722615
2 0.377734 0.647626 0.0804688 0.221068 0.753231
2 0.155859 0.535608 0.0835937 0.136499 0.838445
5 0.541016 0.671365 0.164844 0.491098 0.854827
2 0.401172 0.318991 0.110156 0.074184 0.86276
2 0.224219 0.72181 0.123438 0.191395 0.906794
2 0.330859 0.92359 0.142969 0.146884 0.640406
2 0.374219 0.519288 0.0703125 0.0890208 0.672693
2 0.672656 0.275964 0.0640625 0.0593472 0.675211
2 0.965234 0.35905 0.0695312 0.0652819 0.700203
2 0.271484 0.547478 0.0804688 0.139466 0.722615
2 0.377734 0.647626 0.0804688 0.221068 0.753231
2 0.155859 0.535608 0.0835937 0.136499 0.838445
5 0.541016 0.671365 0.164844 0.491098 0.854827
2 0.401172 0.318991 0.110156 0.074184 0.86276
2 0.224219 0.72181 0.123438 0.191395 0.906794
