2 0.374219 0.519288 0.0703125 0.0890208 0.64176
2 0.33125 0.922849 0.142188 0.148368 0.657697
2 0.434375 0.187685 0.021875 0.0341246 0.692691
2 0.034375 0.248516 0.05 0.0489614 0.697726
2 0.271094 0.546736 0.0796875 0.137982 0.738414
2 0.377344 0.646884 0.0796875 0.21365 0.785668
5 0.541016 0.671365 0.164844 0.491098 0.812504
2 0.155859 0.53635 0.0835937 0.135015 0.843042
2 0.308203 0.317507 0.0976562 0.0652819 0.843731
2 0.034375 0.810089 0.0671875 0.204748 0.873871
2 0.224219 0.72181 0.123438 0.191395 0.909454
