2 0.367188 0.978487 0.121875 0.0430267 0.606135
2 0.591016 0.292285 0.0929687 0.0652819 0.645228
2 0.0519531 0.283383 0.0757812 0.0534125 0.661202
7 0.493359 0.501484 0.0867188 0.192878 0.741253
2 0.527344 0.690653 0.1125 0.200297 0.751411
2 0.371875 0.571217 0.0828125 0.175074 0.777383
2 0.605859 0.51632 0.0898438 0.145401 0.801428
2 0.242578 0.597181 0.0992187 0.155786 0.829038
2 0.451562 0.319733 0.0921875 0.0667656 0.840988
2 0.14375 0.554154 0.104687 0.167656 0.841383
2 0.367188 0.775964 0.107813 0.192878 0.88853
2 0.181641 0.849407 0.152344 0.232938 0.908234
