2 0.110937 0.944362 0.173438 0.105341 0.709175
2 0.257812 0.571217 0.0953125 0.136499 0.709655
2 0.585938 0.958457 0.142188 0.074184 0.72885
2 0.0515625 0.777448 0.101562 0.216617 0.822332
2 0.131641 0.582344 0.103906 0.155786 0.839544
2 0.214453 0.690653 0.117969 0.182493 0.849564
2 0.500391 0.56454 0.0789063 0.135015 0.863713
2 0.643359 0.431751 0.0851562 0.0919881 0.872487
2 0.378906 0.606825 0.0859375 0.151335 0.884963
2 0.739062 0.861276 0.16875 0.247774 0.885885
2 0.535937 0.725519 0.10625 0.181009 0.894655
2 0.366016 0.820475 0.114844 0.219585 0.904232
