2 0.0570313 0.274481 0.0828125 0.0623145 0.688712
2 0.373828 0.513353 0.0664062 0.118694 0.752984
2 0.498437 0.515579 0.0734375 0.117211 0.762056
2 0.251953 0.563056 0.0914062 0.135015 0.762784
2 0.344531 0.919881 0.140625 0.151335 0.803163
2 0.3625 0.655786 0.0921875 0.181009 0.8179
2 0.155859 0.89911 0.174219 0.186944 0.821368
2 0.525391 0.634273 0.0992187 0.170623 0.828695
2 0.219141 0.698813 0.111719 0.181009 0.868462
2 0.139062 0.557863 0.096875 0.130564 0.869758
2 0.516797 0.318249 0.0945313 0.0697329 0.890558
2 0.546094 0.867953 0.135937 0.240356 0.895549
2 0.0425781 0.847923 0.0835937 0.215134 0.898443
2 0.0570313 0.274481 0.0828125 0.0623145 0.688712
2 0.373828 0.513353 0.0664062 0.118694 0.752984
2 0.498437 0.515579 0.0734375 0.117211 0.762056
2 0.251953 0.563056 0.0914062 0.135015 0.762784
2 0.344531 0.919881 0.140625 0.151335 0.803163
2 0.3625 0.655786 0.0921875 0.181009 0.8179
2 0.155859 0.89911 0.174219 0.186944 0.821368
2 0.525391 0.634273 0.0992187 0.170623 0.828695
2 0.219141 0.698813 0.111719 0.181009 0.868462
2 0.139062 0.557863 0.096875 0.130564 0.869758
2 0.516797 0.318249 0.0945313 0.0697329 0.890558
2 0.546094 0.867953 0.135937 0.240356 0.895549
2 0.0425781 0.847923 0.0835937 0.215134 0.898443
