2 0.642578 0.285608 0.0789063 0.0548961 0.687356
2 0.498047 0.517062 0.0726563 0.123145 0.707457
2 0.372266 0.514095 0.0664062 0.120178 0.741327
2 0.613672 0.345697 0.0851562 0.0682493 0.743278
2 0.158203 0.896884 0.169531 0.188427 0.785737
2 0.265625 0.331602 0.0984375 0.0727003 0.790619
2 0.251563 0.562315 0.0921875 0.133531 0.794241
2 0.3625 0.658754 0.0921875 0.181009 0.794932
2 0.525391 0.632789 0.0992187 0.170623 0.83298
2 0.216797 0.702522 0.108594 0.179525 0.855974
2 0.0675781 0.321958 0.0976562 0.0652819 0.856314
2 0.139062 0.558605 0.096875 0.126113 0.862254
2 0.642187 0.38724 0.084375 0.0979228 0.866638
2 0.546094 0.867211 0.135937 0.238872 0.892737
