2 0.452734 0.268546 0.0335938 0.0563798 0.633235
2 0.347656 0.270772 0.034375 0.0519288 0.701998
2 0.561328 0.962166 0.142969 0.0727003 0.722621
2 0.401953 0.356083 0.0476562 0.0830861 0.726285
2 0.218359 0.389466 0.0585938 0.0964392 0.73303
2 0.150391 0.554154 0.0976562 0.158754 0.755077
2 0.303125 0.406528 0.0609375 0.0919881 0.759514
2 0.0226563 0.886499 0.0453125 0.167656 0.807808
2 0.490625 0.410979 0.05 0.0919881 0.818815
2 0.384375 0.578635 0.0765625 0.145401 0.82618
2 0.514063 0.574926 0.0796875 0.14095 0.843885
2 0.362891 0.795252 0.113281 0.207715 0.856773
2 0.155859 0.887982 0.178906 0.209199 0.863615
2 0.246875 0.60089 0.104687 0.154303 0.887656
2 0.669141 0.722552 0.114844 0.183976 0.924778
2 0.452734 0.268546 0.0335938 0.0563798 0.633235
2 0.347656 0.270772 0.034375 0.0519288 0.701998
2 0.561328 0.962166 0.142969 0.0727003 0.722621
2 0.401953 0.356083 0.0476562 0.0830861 0.726285
2 0.218359 0.389466 0.0585938 0.0964392 0.73303
2 0.150391 0.554154 0.0976562 0.158754 0.755077
2 0.303125 0.406528 0.0609375 0.0919881 0.759514
2 0.0226563 0.886499 0.0453125 0.167656 0.807808
2 0.490625 0.410979 0.05 0.0919881 0.818815
2 0.384375 0.578635 0.0765625 0.145401 0.82618
2 0.514063 0.574926 0.0796875 0.14095 0.843885
2 0.362891 0.795252 0.113281 0.207715 0.856773
2 0.155859 0.887982 0.178906 0.209199 0.863615
2 0.246875 0.60089 0.104687 0.154303 0.887656
2 0.669141 0.722552 0.114844 0.183976 0.924778
