7 0.491797 0.497033 0.0851562 0.178042 0.601477
2 0.366797 0.979228 0.121094 0.041543 0.612985
5 0.492188 0.5 0.084375 0.192878 0.645509
7 0.586719 0.925074 0.151562 0.149852 0.64709
2 0.508203 0.253709 0.0617188 0.0534125 0.71409
2 0.242578 0.593472 0.0992187 0.154303 0.727583
2 0.372656 0.571958 0.0828125 0.173591 0.735948
2 0.527734 0.691395 0.113281 0.20178 0.81989
2 0.145313 0.549703 0.101562 0.164688 0.841417
2 0.367188 0.775964 0.109375 0.189911 0.889153
2 0.182031 0.850148 0.154687 0.231454 0.915738
7 0.491797 0.497033 0.0851562 0.178042 0.601477
2 0.366797 0.979228 0.121094 0.041543 0.612985
5 0.492188 0.5 0.084375 0.192878 0.645509
7 0.586719 0.925074 0.151562 0.149852 0.64709
2 0.508203 0.253709 0.0617188 0.0534125 0.71409
2 0.242578 0.593472 0.0992187 0.154303 0.727583
2 0.372656 0.571958 0.0828125 0.173591 0.735948
2 0.527734 0.691395 0.113281 0.20178 0.81989
2 0.145313 0.549703 0.101562 0.164688 0.841417
2 0.367188 0.775964 0.109375 0.189911 0.889153
2 0.182031 0.850148 0.154687 0.231454 0.915738
