2 0.380078 0.553412 0.0726563 0.118694 0.601352
2 0.504687 0.559347 0.0828125 0.148368 0.667834
2 0.404687 0.216617 0.0328125 0.0474777 0.693492
2 0.0996094 0.941395 0.171094 0.105341 0.779643
2 0.546484 0.930267 0.152344 0.139466 0.803675
2 0.207813 0.701039 0.123438 0.197329 0.84115
2 0.262891 0.548961 0.0882813 0.136499 0.852554
2 0.5375 0.748516 0.120312 0.218101 0.855538
2 0.0527344 0.773739 0.103906 0.212166 0.880706
2 0.135937 0.574184 0.1 0.142433 0.887069
2 0.36875 0.699555 0.101562 0.188427 0.888889
2 0.380078 0.553412 0.0726563 0.118694 0.601352
2 0.504687 0.559347 0.0828125 0.148368 0.667834
2 0.404687 0.216617 0.0328125 0.0474777 0.693492
2 0.0996094 0.941395 0.171094 0.105341 0.779643
2 0.546484 0.930267 0.152344 0.139466 0.803675
2 0.207813 0.701039 0.123438 0.197329 0.84115
2 0.262891 0.548961 0.0882813 0.136499 0.852554
2 0.5375 0.748516 0.120312 0.218101 0.855538
2 0.0527344 0.773739 0.103906 0.212166 0.880706
2 0.135937 0.574184 0.1 0.142433 0.887069
2 0.36875 0.699555 0.101562 0.188427 0.888889
