2 0.498047 0.523739 0.0710938 0.130564 0.796958
2 0.188672 0.48368 0.0835937 0.106825 0.806539
2 0.373828 0.519288 0.0648438 0.124629 0.814729
2 0.251563 0.571958 0.0921875 0.155786 0.826035
2 0.171094 0.341988 0.0640625 0.0756677 0.845002
2 0.197656 0.758902 0.11875 0.191395 0.896864
2 0.498047 0.523739 0.0710938 0.130564 0.796958
2 0.188672 0.48368 0.0835937 0.106825 0.806539
2 0.373828 0.519288 0.0648438 0.124629 0.814729
2 0.251563 0.571958 0.0921875 0.155786 0.826035
2 0.171094 0.341988 0.0640625 0.0756677 0.845002
2 0.197656 0.758902 0.11875 0.191395 0.896864
