2 0.717969 0.344956 0.09375 0.078635 0.613586
7 0.608984 0.388724 0.0757812 0.163205 0.712752
2 0.111328 0.944362 0.172656 0.105341 0.722275
2 0.257422 0.571958 0.0960938 0.135015 0.732446
2 0.586719 0.958457 0.145313 0.074184 0.737972
2 0.0515625 0.77819 0.101562 0.218101 0.830902
2 0.214062 0.692137 0.117188 0.182493 0.843781
2 0.131641 0.581602 0.103906 0.154303 0.844469
2 0.500391 0.56454 0.0789063 0.135015 0.861324
2 0.378516 0.606083 0.0851562 0.149852 0.88905
2 0.536328 0.724036 0.105469 0.181009 0.899922
2 0.366406 0.820475 0.114063 0.219585 0.903206
2 0.636328 0.614985 0.100781 0.149852 0.910698
2 0.717969 0.344956 0.09375 0.078635 0.613586
7 0.608984 0.388724 0.0757812 0.163205 0.712752
2 0.111328 0.944362 0.172656 0.105341 0.722275
2 0.257422 0.571958 0.0960938 0.135015 0.732446
2 0.586719 0.958457 0.145313 0.074184 0.737972
2 0.0515625 0.77819 0.101562 0.218101 0.830902
2 0.214062 0.692137 0.117188 0.182493 0.843781
2 0.131641 0.581602 0.103906 0.154303 0.844469
2 0.500391 0.56454 0.0789063 0.135015 0.861324
2 0.378516 0.606083 0.0851562 0.149852 0.88905
2 0.536328 0.724036 0.105469 0.181009 0.899922
2 0.366406 0.820475 0.114063 0.219585 0.903206
2 0.636328 0.614985 0.100781 0.149852 0.910698
