2 0.590234 0.501484 0.0726563 0.121662 0.69676
2 0.120703 0.563056 0.105469 0.126113 0.735174
2 0.601172 0.424332 0.0773437 0.0919881 0.771379
2 0.374609 0.568991 0.0835937 0.164688 0.826798
2 0.555859 0.936202 0.142969 0.127596 0.833207
2 0.517187 0.653561 0.1125 0.277448 0.836256
2 0.348047 0.870178 0.136719 0.238872 0.886249
2 0.0625 0.699555 0.125 0.173591 0.887686
2 0.242578 0.590504 0.0898438 0.145401 0.891036
2 0.159766 0.856083 0.155469 0.231454 0.913237
2 0.590234 0.501484 0.0726563 0.121662 0.69676
2 0.120703 0.563056 0.105469 0.126113 0.735174
2 0.601172 0.424332 0.0773437 0.0919881 0.771379
2 0.374609 0.568991 0.0835937 0.164688 0.826798
2 0.555859 0.936202 0.142969 0.127596 0.833207
2 0.517187 0.653561 0.1125 0.277448 0.836256
2 0.348047 0.870178 0.136719 0.238872 0.886249
2 0.0625 0.699555 0.125 0.173591 0.887686
2 0.242578 0.590504 0.0898438 0.145401 0.891036
2 0.159766 0.856083 0.155469 0.231454 0.913237
