2 0.253125 0.180267 0.01875 0.0252226 0.628396
2 0.216406 0.221068 0.0296875 0.0385757 0.657034
5 0.562891 0.741098 0.221094 0.502967 0.688676
2 0.260938 0.59273 0.090625 0.143917 0.832163
2 0.374609 0.543027 0.0757812 0.130564 0.856668
2 0.371094 0.764095 0.096875 0.249258 0.858639
2 0.196875 0.810831 0.146875 0.232938 0.904905
2 0.253125 0.180267 0.01875 0.0252226 0.628396
2 0.216406 0.221068 0.0296875 0.0385757 0.657034
5 0.562891 0.741098 0.221094 0.502967 0.688676
2 0.260938 0.59273 0.090625 0.143917 0.832163
2 0.374609 0.543027 0.0757812 0.130564 0.856668
2 0.371094 0.764095 0.096875 0.249258 0.858639
2 0.196875 0.810831 0.146875 0.232938 0.904905
