7 0.504687 0.562315 0.0828125 0.160237 0.65432
2 0.180469 0.218101 0.028125 0.0385757 0.66031
2 0.947266 0.349407 0.0710938 0.0667656 0.721839
2 0.247266 0.186202 0.0242187 0.0311573 0.725127
7 0.381641 0.561573 0.0726563 0.137982 0.730863
2 0.261719 0.551187 0.0875 0.14095 0.746979
7 0.504687 0.562315 0.0828125 0.160237 0.65432
2 0.180469 0.218101 0.028125 0.0385757 0.66031
2 0.947266 0.349407 0.0710938 0.0667656 0.721839
2 0.247266 0.186202 0.0242187 0.0311573 0.725127
7 0.381641 0.561573 0.0726563 0.137982 0.730863
2 0.261719 0.551187 0.0875 0.14095 0.746979
