5 0.472266 0.178042 0.0320312 0.074184 0.678232
2 0.220313 0.384273 0.0546875 0.0979228 0.695329
2 0.948828 0.348665 0.0710938 0.0652819 0.699159
2 0.375 0.495549 0.0640625 0.139466 0.782547
2 0.346484 0.277448 0.0351562 0.0563798 0.802459
2 0.307422 0.402077 0.0585938 0.0890208 0.8049
2 0.372266 0.639466 0.0851562 0.142433 0.823826
2 0.467187 0.333828 0.0453125 0.074184 0.830536
2 0.159766 0.501484 0.0882813 0.124629 0.841307
2 0.242188 0.622404 0.107813 0.173591 0.852364
2 0.514453 0.653561 0.0992187 0.194362 0.872832
2 0.0484375 0.751484 0.096875 0.179525 0.885423
