2 0.498047 0.51632 0.0695312 0.115727 0.681061
2 0.372656 0.514837 0.065625 0.121662 0.749156
2 0.251563 0.563056 0.0921875 0.132047 0.766093
2 0.344141 0.920623 0.141406 0.149852 0.793023
2 0.525 0.632047 0.1 0.172107 0.801051
2 0.15625 0.89911 0.175 0.186944 0.808907
2 0.361719 0.658754 0.0921875 0.178042 0.812359
2 0.251563 0.36276 0.0984375 0.0845697 0.824611
2 0.138672 0.558605 0.0960938 0.12908 0.864702
2 0.219141 0.698071 0.111719 0.179525 0.872296
2 0.546094 0.867211 0.135937 0.238872 0.896454
2 0.0425781 0.847923 0.0835937 0.215134 0.899541
