2 0.243359 0.267804 0.0382813 0.0697329 0.625059
2 0.160547 0.234421 0.0335938 0.0474777 0.646003
2 0.102344 0.220326 0.0328125 0.0400593 0.647018
2 0.389844 0.222552 0.0265625 0.0445104 0.666069
2 0.21875 0.371662 0.059375 0.102374 0.700262
5 0.474219 0.189169 0.0390625 0.0816024 0.742127
2 0.523438 0.247033 0.05 0.0489614 0.80176
2 0.243359 0.267804 0.0382813 0.0697329 0.625059
2 0.160547 0.234421 0.0335938 0.0474777 0.646003
2 0.102344 0.220326 0.0328125 0.0400593 0.647018
2 0.389844 0.222552 0.0265625 0.0445104 0.666069
2 0.21875 0.371662 0.059375 0.102374 0.700262
5 0.474219 0.189169 0.0390625 0.0816024 0.742127
2 0.523438 0.247033 0.05 0.0489614 0.80176
