2 0.330859 0.922849 0.142969 0.148368 0.614208
2 0.374219 0.52003 0.0703125 0.0905045 0.663568
2 0.270703 0.548961 0.0804688 0.142433 0.682805
2 0.173438 0.264837 0.075 0.0608309 0.692096
5 0.541016 0.671365 0.164844 0.491098 0.747297
2 0.377734 0.647626 0.0804688 0.215134 0.75619
2 0.589063 0.260386 0.075 0.0578635 0.810626
2 0.155859 0.535608 0.0835937 0.136499 0.844828
2 0.247266 0.347181 0.113281 0.0771513 0.848127
2 0.223828 0.720326 0.122656 0.191395 0.90394
2 0.330859 0.922849 0.142969 0.148368 0.614208
2 0.374219 0.52003 0.0703125 0.0905045 0.663568
2 0.270703 0.548961 0.0804688 0.142433 0.682805
2 0.173438 0.264837 0.075 0.0608309 0.692096
5 0.541016 0.671365 0.164844 0.491098 0.747297
2 0.377734 0.647626 0.0804688 0.215134 0.75619
2 0.589063 0.260386 0.075 0.0578635 0.810626
2 0.155859 0.535608 0.0835937 0.136499 0.844828
2 0.247266 0.347181 0.113281 0.0771513 0.848127
2 0.223828 0.720326 0.122656 0.191395 0.90394
