2 0.119922 0.563056 0.103906 0.126113 0.708634
2 0.0128906 0.928042 0.0257812 0.12908 0.730958
2 0.374609 0.571958 0.0820312 0.167656 0.742902
2 0.599219 0.31454 0.096875 0.0623145 0.744353
2 0.517578 0.652819 0.111719 0.278932 0.837417
2 0.555859 0.936202 0.142969 0.127596 0.847395
2 0.0628906 0.699555 0.125781 0.170623 0.876067
2 0.357812 0.775223 0.115625 0.221068 0.878486
2 0.242578 0.591246 0.0898438 0.143917 0.895869
2 0.160938 0.853858 0.154687 0.22997 0.918128
2 0.119922 0.563056 0.103906 0.126113 0.708634
2 0.0128906 0.928042 0.0257812 0.12908 0.730958
2 0.374609 0.571958 0.0820312 0.167656 0.742902
2 0.599219 0.31454 0.096875 0.0623145 0.744353
2 0.517578 0.652819 0.111719 0.278932 0.837417
2 0.555859 0.936202 0.142969 0.127596 0.847395
2 0.0628906 0.699555 0.125781 0.170623 0.876067
2 0.357812 0.775223 0.115625 0.221068 0.878486
2 0.242578 0.591246 0.0898438 0.143917 0.895869
2 0.160938 0.853858 0.154687 0.22997 0.918128
