2 0.379297 0.553412 0.0726563 0.118694 0.619764
2 0.586719 0.493323 0.078125 0.0964392 0.692581
2 0.95 0.347181 0.0671875 0.0652819 0.702102
2 0.597266 0.320475 0.102344 0.0830861 0.74022
2 0.0390625 0.310831 0.0546875 0.0667656 0.745301
2 0.624219 0.425816 0.084375 0.0979228 0.753707
2 0.544922 0.931009 0.157031 0.137982 0.770587
2 0.334766 0.330861 0.102344 0.074184 0.779262
2 0.659375 0.658012 0.117188 0.179525 0.79964
2 0.262109 0.552671 0.0882813 0.14095 0.826018
2 0.5375 0.747774 0.120312 0.222552 0.863169
2 0.367969 0.700297 0.101562 0.189911 0.876203
2 0.163281 0.833828 0.15 0.240356 0.887032
2 0.0550781 0.779674 0.108594 0.200297 0.89231
2 0.379297 0.553412 0.0726563 0.118694 0.619764
2 0.586719 0.493323 0.078125 0.0964392 0.692581
2 0.95 0.347181 0.0671875 0.0652819 0.702102
2 0.597266 0.320475 0.102344 0.0830861 0.74022
2 0.0390625 0.310831 0.0546875 0.0667656 0.745301
2 0.624219 0.425816 0.084375 0.0979228 0.753707
2 0.544922 0.931009 0.157031 0.137982 0.770587
2 0.334766 0.330861 0.102344 0.074184 0.779262
2 0.659375 0.658012 0.117188 0.179525 0.79964
2 0.262109 0.552671 0.0882813 0.14095 0.826018
2 0.5375 0.747774 0.120312 0.222552 0.863169
2 0.367969 0.700297 0.101562 0.189911 0.876203
2 0.163281 0.833828 0.15 0.240356 0.887032
2 0.0550781 0.779674 0.108594 0.200297 0.89231
