2 0.497266 0.517804 0.0710938 0.118694 0.659673
2 0.251563 0.563056 0.0921875 0.135015 0.722572
2 0.373437 0.513353 0.065625 0.118694 0.745797
2 0.525 0.632789 0.1 0.170623 0.804385
2 0.15625 0.897626 0.173438 0.186944 0.813353
2 0.3625 0.660979 0.0921875 0.179525 0.814249
2 0.340234 0.954006 0.139844 0.0830861 0.819663
2 0.138672 0.557122 0.0960938 0.126113 0.852999
2 0.216406 0.702522 0.107813 0.179525 0.860592
2 0.289844 0.341246 0.107813 0.0771513 0.876836
2 0.589844 0.311573 0.0921875 0.0682493 0.880137
2 0.546094 0.867211 0.135937 0.238872 0.894696
2 0.0425781 0.847181 0.0835937 0.21365 0.896299
2 0.497266 0.517804 0.0710938 0.118694 0.659673
2 0.251563 0.563056 0.0921875 0.135015 0.722572
2 0.373437 0.513353 0.065625 0.118694 0.745797
2 0.525 0.632789 0.1 0.170623 0.804385
2 0.15625 0.897626 0.173438 0.186944 0.813353
2 0.3625 0.660979 0.0921875 0.179525 0.814249
2 0.340234 0.954006 0.139844 0.0830861 0.819663
2 0.138672 0.557122 0.0960938 0.126113 0.852999
2 0.216406 0.702522 0.107813 0.179525 0.860592
2 0.289844 0.341246 0.107813 0.0771513 0.876836
2 0.589844 0.311573 0.0921875 0.0682493 0.880137
2 0.546094 0.867211 0.135937 0.238872 0.894696
2 0.0425781 0.847181 0.0835937 0.21365 0.896299
