2 0.937109 0.340504 0.0664062 0.0578635 0.610376
2 0.229297 0.330861 0.0414063 0.0593472 0.627123
2 0.21875 0.395401 0.059375 0.0845697 0.66487
2 0.403125 0.406528 0.0546875 0.0860534 0.761605
2 0.384766 0.292285 0.0398437 0.0712166 0.761656
5 0.461719 0.258902 0.059375 0.135015 0.832853
2 0.196094 0.465875 0.078125 0.118694 0.855107
2 0.369141 0.606083 0.0820312 0.135015 0.904056
2 0.937109 0.340504 0.0664062 0.0578635 0.610376
2 0.229297 0.330861 0.0414063 0.0593472 0.627123
2 0.21875 0.395401 0.059375 0.0845697 0.66487
2 0.403125 0.406528 0.0546875 0.0860534 0.761605
2 0.384766 0.292285 0.0398437 0.0712166 0.761656
5 0.461719 0.258902 0.059375 0.135015 0.832853
2 0.196094 0.465875 0.078125 0.118694 0.855107
2 0.369141 0.606083 0.0820312 0.135015 0.904056
