2 0.374219 0.52003 0.0703125 0.0875371 0.639913
2 0.33125 0.922849 0.142188 0.148368 0.654904
2 0.271484 0.549703 0.0804688 0.14095 0.69745
2 0.377344 0.645401 0.0796875 0.219585 0.75345
5 0.541016 0.672107 0.164844 0.489614 0.83884
2 0.15625 0.535608 0.084375 0.136499 0.842932
2 0.0558594 0.702522 0.111719 0.18546 0.884251
2 0.224609 0.72181 0.124219 0.191395 0.90202
2 0.374219 0.52003 0.0703125 0.0875371 0.639913
2 0.33125 0.922849 0.142188 0.148368 0.654904
2 0.271484 0.549703 0.0804688 0.14095 0.69745
2 0.377344 0.645401 0.0796875 0.219585 0.75345
5 0.541016 0.672107 0.164844 0.489614 0.83884
2 0.15625 0.535608 0.084375 0.136499 0.842932
2 0.0558594 0.702522 0.111719 0.18546 0.884251
2 0.224609 0.72181 0.124219 0.191395 0.90202
