2 0.387891 0.149852 0.0195312 0.0207715 0.612151
2 0.422266 0.187685 0.0226563 0.0311573 0.632388
2 0.330859 0.922849 0.142969 0.148368 0.644046
2 0.373437 0.521513 0.071875 0.0905045 0.656646
2 0.377734 0.643917 0.0804688 0.21365 0.773096
5 0.539844 0.666172 0.16875 0.486647 0.833801
2 0.15625 0.535608 0.0859375 0.136499 0.844301
2 0.0582031 0.69362 0.116406 0.170623 0.885109
2 0.224219 0.718843 0.123438 0.194362 0.895953
2 0.387891 0.149852 0.0195312 0.0207715 0.612151
2 0.422266 0.187685 0.0226563 0.0311573 0.632388
2 0.330859 0.922849 0.142969 0.148368 0.644046
2 0.373437 0.521513 0.071875 0.0905045 0.656646
2 0.377734 0.643917 0.0804688 0.21365 0.773096
5 0.539844 0.666172 0.16875 0.486647 0.833801
2 0.15625 0.535608 0.0859375 0.136499 0.844301
2 0.0582031 0.69362 0.116406 0.170623 0.885109
2 0.224219 0.718843 0.123438 0.194362 0.895953
