2 0.0535156 0.317507 0.0757812 0.0563798 0.6187
2 0.110547 0.946588 0.171094 0.103858 0.641713
2 0.589453 0.275223 0.0992187 0.0667656 0.668553
2 0.259375 0.309347 0.110937 0.0845697 0.704662
2 0.257422 0.569733 0.0945313 0.133531 0.715492
2 0.214062 0.689169 0.120312 0.182493 0.847651
2 0.500391 0.56454 0.0789063 0.137982 0.853512
2 0.125391 0.594214 0.111719 0.149852 0.868619
2 0.378125 0.607567 0.0859375 0.149852 0.885003
2 0.660547 0.64095 0.121094 0.189911 0.888633
2 0.536328 0.727003 0.107031 0.183976 0.892267
2 0.366016 0.819733 0.114844 0.221068 0.90788
2 0.0535156 0.317507 0.0757812 0.0563798 0.6187
2 0.110547 0.946588 0.171094 0.103858 0.641713
2 0.589453 0.275223 0.0992187 0.0667656 0.668553
2 0.259375 0.309347 0.110937 0.0845697 0.704662
2 0.257422 0.569733 0.0945313 0.133531 0.715492
2 0.214062 0.689169 0.120312 0.182493 0.847651
2 0.500391 0.56454 0.0789063 0.137982 0.853512
2 0.125391 0.594214 0.111719 0.149852 0.868619
2 0.378125 0.607567 0.0859375 0.149852 0.885003
2 0.660547 0.64095 0.121094 0.189911 0.888633
2 0.536328 0.727003 0.107031 0.183976 0.892267
2 0.366016 0.819733 0.114844 0.221068 0.90788
