2 0.0785156 0.304896 0.0835937 0.0697329 0.693541
2 0.374219 0.53635 0.075 0.123145 0.756803
2 0.652344 0.302671 0.090625 0.0563798 0.774149
5 0.541016 0.671365 0.164844 0.494065 0.780873
2 0.269141 0.281157 0.0742188 0.0578635 0.805937
2 0.375781 0.663205 0.08125 0.207715 0.808469
2 0.5375 0.281157 0.084375 0.0608309 0.842425
2 0.260547 0.594956 0.0914062 0.145401 0.865754
2 0.358203 0.321217 0.103906 0.0756677 0.89627
2 0.20625 0.782641 0.1375 0.221068 0.898872
2 0.0785156 0.304896 0.0835937 0.0697329 0.693541
2 0.374219 0.53635 0.075 0.123145 0.756803
2 0.652344 0.302671 0.090625 0.0563798 0.774149
5 0.541016 0.671365 0.164844 0.494065 0.780873
2 0.269141 0.281157 0.0742188 0.0578635 0.805937
2 0.375781 0.663205 0.08125 0.207715 0.808469
2 0.5375 0.281157 0.084375 0.0608309 0.842425
2 0.260547 0.594956 0.0914062 0.145401 0.865754
2 0.358203 0.321217 0.103906 0.0756677 0.89627
2 0.20625 0.782641 0.1375 0.221068 0.898872
