2 0.248828 0.243323 0.0351562 0.0504451 0.707032
2 0.495703 0.537092 0.0742188 0.118694 0.740645
2 0.610156 0.267062 0.078125 0.0593472 0.745053
2 0.111719 0.94362 0.173438 0.109792 0.765034
2 0.298047 0.281157 0.0601562 0.0608309 0.790902
2 0.369922 0.628338 0.0929687 0.176558 0.860274
2 0.469531 0.303412 0.084375 0.0727003 0.875178
2 0.242969 0.59273 0.090625 0.146884 0.89998
2 0.248828 0.243323 0.0351562 0.0504451 0.707032
2 0.495703 0.537092 0.0742188 0.118694 0.740645
2 0.610156 0.267062 0.078125 0.0593472 0.745053
2 0.111719 0.94362 0.173438 0.109792 0.765034
2 0.298047 0.281157 0.0601562 0.0608309 0.790902
2 0.369922 0.628338 0.0929687 0.176558 0.860274
2 0.469531 0.303412 0.084375 0.0727003 0.875178
2 0.242969 0.59273 0.090625 0.146884 0.89998
