2 0.380078 0.553412 0.0726563 0.118694 0.610343
2 0.384766 0.217359 0.0304688 0.0459941 0.63693
2 0.504297 0.561573 0.0835937 0.146884 0.648438
2 0.1 0.942137 0.171875 0.103858 0.779264
2 0.545703 0.931751 0.155469 0.136499 0.8025
2 0.261719 0.549703 0.090625 0.135015 0.849279
2 0.537109 0.747033 0.121094 0.221068 0.859813
2 0.207813 0.703264 0.123438 0.195846 0.869045
2 0.0527344 0.772997 0.103906 0.21365 0.881762
2 0.136328 0.574184 0.100781 0.142433 0.886407
2 0.36875 0.699555 0.101562 0.188427 0.887271
2 0.380078 0.553412 0.0726563 0.118694 0.610343
2 0.384766 0.217359 0.0304688 0.0459941 0.63693
2 0.504297 0.561573 0.0835937 0.146884 0.648438
2 0.1 0.942137 0.171875 0.103858 0.779264
2 0.545703 0.931751 0.155469 0.136499 0.8025
2 0.261719 0.549703 0.090625 0.135015 0.849279
2 0.537109 0.747033 0.121094 0.221068 0.859813
2 0.207813 0.703264 0.123438 0.195846 0.869045
2 0.0527344 0.772997 0.103906 0.21365 0.881762
2 0.136328 0.574184 0.100781 0.142433 0.886407
2 0.36875 0.699555 0.101562 0.188427 0.887271
