2 0.0363281 0.406528 0.0695312 0.0949555 0.680965
2 0.401953 0.281899 0.0320312 0.0712166 0.683334
2 0.216797 0.39911 0.0539063 0.103858 0.685911
2 0.948438 0.348665 0.0703125 0.0652819 0.691342
2 0.140234 0.520772 0.0929687 0.148368 0.731145
5 0.473047 0.20178 0.0351562 0.10089 0.734084
2 0.279297 0.486647 0.0789063 0.115727 0.793352
2 0.477344 0.387982 0.0515625 0.0875371 0.798895
2 0.335938 0.321958 0.046875 0.0712166 0.814436
2 0.36875 0.559347 0.0734375 0.163205 0.815117
2 0.0414063 0.791543 0.08125 0.197329 0.861725
2 0.364062 0.767062 0.10625 0.207715 0.879074
2 0.185937 0.795994 0.151562 0.22997 0.889988
2 0.55 0.881306 0.148438 0.219585 0.903405
2 0.0363281 0.406528 0.0695312 0.0949555 0.680965
2 0.401953 0.281899 0.0320312 0.0712166 0.683334
2 0.216797 0.39911 0.0539063 0.103858 0.685911
2 0.948438 0.348665 0.0703125 0.0652819 0.691342
2 0.140234 0.520772 0.0929687 0.148368 0.731145
5 0.473047 0.20178 0.0351562 0.10089 0.734084
2 0.279297 0.486647 0.0789063 0.115727 0.793352
2 0.477344 0.387982 0.0515625 0.0875371 0.798895
2 0.335938 0.321958 0.046875 0.0712166 0.814436
2 0.36875 0.559347 0.0734375 0.163205 0.815117
2 0.0414063 0.791543 0.08125 0.197329 0.861725
2 0.364062 0.767062 0.10625 0.207715 0.879074
2 0.185937 0.795994 0.151562 0.22997 0.889988
2 0.55 0.881306 0.148438 0.219585 0.903405
