2 0.217187 0.215875 0.028125 0.0400593 0.625662
2 0.0335938 0.287092 0.046875 0.0548961 0.680234
2 0.257422 0.570475 0.0960938 0.132047 0.733684
2 0.214062 0.692137 0.11875 0.182493 0.834243
2 0.522656 0.703264 0.10625 0.183976 0.880507
2 0.378125 0.606825 0.0859375 0.148368 0.895827
2 0.366406 0.821217 0.114063 0.221068 0.901249
2 0.217187 0.215875 0.028125 0.0400593 0.625662
2 0.0335938 0.287092 0.046875 0.0548961 0.680234
2 0.257422 0.570475 0.0960938 0.132047 0.733684
2 0.214062 0.692137 0.11875 0.182493 0.834243
2 0.522656 0.703264 0.10625 0.183976 0.880507
2 0.378125 0.606825 0.0859375 0.148368 0.895827
2 0.366406 0.821217 0.114063 0.221068 0.901249
