2 0.366797 0.978487 0.121094 0.0430267 0.614344
7 0.586719 0.925816 0.151562 0.148368 0.650482
2 0.372656 0.571958 0.0828125 0.176558 0.770735
2 0.242969 0.593472 0.1 0.15727 0.782507
2 0.528125 0.692137 0.1125 0.203264 0.829828
2 0.144922 0.549703 0.102344 0.164688 0.843943
2 0.367188 0.776706 0.109375 0.191395 0.894911
2 0.181641 0.849407 0.153906 0.22997 0.919283
2 0.366797 0.978487 0.121094 0.0430267 0.614344
7 0.586719 0.925816 0.151562 0.148368 0.650482
2 0.372656 0.571958 0.0828125 0.176558 0.770735
2 0.242969 0.593472 0.1 0.15727 0.782507
2 0.528125 0.692137 0.1125 0.203264 0.829828
2 0.144922 0.549703 0.102344 0.164688 0.843943
2 0.367188 0.776706 0.109375 0.191395 0.894911
2 0.181641 0.849407 0.153906 0.22997 0.919283
