2 0.176563 0.221068 0.0296875 0.0385757 0.606171
2 0.219531 0.21365 0.0265625 0.041543 0.628438
2 0.235938 0.267804 0.0375 0.0637982 0.644674
2 0.185156 0.465134 0.0765625 0.123145 0.810246
2 0.293359 0.284866 0.0632813 0.074184 0.815128
2 0.207813 0.341988 0.0609375 0.078635 0.856204
2 0.176563 0.221068 0.0296875 0.0385757 0.606171
2 0.219531 0.21365 0.0265625 0.041543 0.628438
2 0.235938 0.267804 0.0375 0.0637982 0.644674
2 0.185156 0.465134 0.0765625 0.123145 0.810246
2 0.293359 0.284866 0.0632813 0.074184 0.815128
2 0.207813 0.341988 0.0609375 0.078635 0.856204
