5 0.534766 0.215134 0.0554687 0.106825 0.634399
2 0.969531 0.317507 0.0609375 0.0563798 0.691309
2 0.134766 0.563798 0.0976562 0.130564 0.699789
2 0.385938 0.250742 0.03125 0.0504451 0.701471
7 0.0589844 0.69362 0.113281 0.188427 0.711951
2 0.373437 0.336053 0.0421875 0.0845697 0.72064
2 0.0515625 0.386499 0.0671875 0.0875371 0.722782
5 0.478906 0.310089 0.059375 0.166172 0.827993
2 0.309766 0.389466 0.0632813 0.108309 0.831616
2 0.321484 0.293027 0.0351562 0.0667656 0.837443
2 0.546094 0.862018 0.139062 0.249258 0.858214
2 0.251953 0.598665 0.0914062 0.132047 0.864281
2 0.367578 0.669881 0.0914062 0.188427 0.874208
