2 0.338672 0.28635 0.0351562 0.0563798 0.647568
5 0.0421875 0.257418 0.0671875 0.114243 0.66106
2 0.472266 0.353116 0.0429688 0.0949555 0.745168
2 0.220313 0.37908 0.059375 0.108309 0.747018
2 0.395703 0.270772 0.0320312 0.0519288 0.747052
2 0.320703 0.345697 0.0523437 0.0890208 0.804514
2 0.384375 0.440653 0.05625 0.103858 0.826997
2 0.226953 0.628338 0.111719 0.176558 0.838124
2 0.530078 0.754451 0.0804688 0.194362 0.838125
2 0.363672 0.577151 0.0820312 0.15727 0.855652
2 0.338672 0.28635 0.0351562 0.0563798 0.647568
5 0.0421875 0.257418 0.0671875 0.114243 0.66106
2 0.472266 0.353116 0.0429688 0.0949555 0.745168
2 0.220313 0.37908 0.059375 0.108309 0.747018
2 0.395703 0.270772 0.0320312 0.0519288 0.747052
2 0.320703 0.345697 0.0523437 0.0890208 0.804514
2 0.384375 0.440653 0.05625 0.103858 0.826997
2 0.226953 0.628338 0.111719 0.176558 0.838124
2 0.530078 0.754451 0.0804688 0.194362 0.838125
2 0.363672 0.577151 0.0820312 0.15727 0.855652
