2 0.613281 0.51632 0.0859375 0.139466 0.722829
2 0.655078 0.388724 0.0679687 0.0801187 0.737772
2 0.375391 0.538576 0.0757812 0.127596 0.803934
2 0.542969 0.250742 0.0546875 0.0504451 0.807784
2 0.375 0.683234 0.084375 0.215134 0.849308
2 0.260938 0.593472 0.090625 0.145401 0.872913
2 0.20625 0.781157 0.1375 0.221068 0.901415
2 0.613281 0.51632 0.0859375 0.139466 0.722829
2 0.655078 0.388724 0.0679687 0.0801187 0.737772
2 0.375391 0.538576 0.0757812 0.127596 0.803934
2 0.542969 0.250742 0.0546875 0.0504451 0.807784
2 0.375 0.683234 0.084375 0.215134 0.849308
2 0.260938 0.593472 0.090625 0.145401 0.872913
2 0.20625 0.781157 0.1375 0.221068 0.901415
