2 0.504297 0.561573 0.0835937 0.146884 0.631733
2 0.380078 0.553412 0.0726563 0.118694 0.644864
2 0.1 0.941395 0.171875 0.105341 0.782966
2 0.545703 0.931751 0.155469 0.136499 0.804558
2 0.262109 0.551187 0.0898438 0.135015 0.856781
2 0.537109 0.747033 0.121094 0.218101 0.859959
2 0.207422 0.702522 0.122656 0.194362 0.866469
2 0.053125 0.773739 0.103125 0.215134 0.872054
2 0.369141 0.701039 0.102344 0.188427 0.884824
2 0.135937 0.573442 0.1 0.143917 0.885407
2 0.504297 0.561573 0.0835937 0.146884 0.631733
2 0.380078 0.553412 0.0726563 0.118694 0.644864
2 0.1 0.941395 0.171875 0.105341 0.782966
2 0.545703 0.931751 0.155469 0.136499 0.804558
2 0.262109 0.551187 0.0898438 0.135015 0.856781
2 0.537109 0.747033 0.121094 0.218101 0.859959
2 0.207422 0.702522 0.122656 0.194362 0.866469
2 0.053125 0.773739 0.103125 0.215134 0.872054
2 0.369141 0.701039 0.102344 0.188427 0.884824
2 0.135937 0.573442 0.1 0.143917 0.885407
