2 0.702344 0.402819 0.090625 0.0964392 0.640285
2 0.110937 0.944362 0.173438 0.105341 0.702107
2 0.257422 0.571217 0.0945313 0.136499 0.716642
2 0.585938 0.958457 0.14375 0.074184 0.744023
2 0.0515625 0.777448 0.101562 0.216617 0.824179
2 0.131641 0.582344 0.103906 0.155786 0.839909
2 0.214453 0.690653 0.117969 0.182493 0.850331
2 0.500391 0.56454 0.0789063 0.135015 0.866618
2 0.378516 0.606825 0.0851562 0.151335 0.887516
2 0.535937 0.727003 0.10625 0.183976 0.894851
2 0.366406 0.820475 0.114063 0.219585 0.902769
2 0.664062 0.676558 0.126563 0.195846 0.912139
