2 0.960938 0.336053 0.078125 0.0934718 0.629282
2 0.498047 0.517804 0.0695312 0.118694 0.642806
2 0.372266 0.514095 0.0664062 0.120178 0.683056
2 0.251563 0.563798 0.0921875 0.133531 0.720654
2 0.0460938 0.419881 0.08125 0.0979228 0.75527
2 0.362891 0.659496 0.0929687 0.18546 0.780308
2 0.342969 0.942878 0.139062 0.102374 0.800858
2 0.155859 0.898368 0.175781 0.188427 0.820367
2 0.525781 0.633531 0.0984375 0.169139 0.822643
2 0.311328 0.33457 0.0929687 0.078635 0.824342
2 0.219141 0.698071 0.111719 0.179525 0.861496
2 0.138672 0.557863 0.0960938 0.127596 0.872998
2 0.546094 0.867953 0.135937 0.240356 0.886177
2 0.0425781 0.847923 0.0835937 0.215134 0.893311
2 0.960938 0.336053 0.078125 0.0934718 0.629282
2 0.498047 0.517804 0.0695312 0.118694 0.642806
2 0.372266 0.514095 0.0664062 0.120178 0.683056
2 0.251563 0.563798 0.0921875 0.133531 0.720654
2 0.0460938 0.419881 0.08125 0.0979228 0.75527
2 0.362891 0.659496 0.0929687 0.18546 0.780308
2 0.342969 0.942878 0.139062 0.102374 0.800858
2 0.155859 0.898368 0.175781 0.188427 0.820367
2 0.525781 0.633531 0.0984375 0.169139 0.822643
2 0.311328 0.33457 0.0929687 0.078635 0.824342
2 0.219141 0.698071 0.111719 0.179525 0.861496
2 0.138672 0.557863 0.0960938 0.127596 0.872998
2 0.546094 0.867953 0.135937 0.240356 0.886177
2 0.0425781 0.847923 0.0835937 0.215134 0.893311
