2 0.373437 0.522997 0.06875 0.0905045 0.615402
2 0.609375 0.330861 0.104687 0.0682493 0.637872
2 0.0761719 0.238131 0.0351562 0.0489614 0.640127
2 0.377344 0.643175 0.0796875 0.218101 0.676645
5 0.541016 0.669881 0.164844 0.494065 0.705151
2 0.596484 0.387982 0.0726563 0.0875371 0.831615
2 0.224219 0.72181 0.123438 0.191395 0.897434
2 0.373437 0.522997 0.06875 0.0905045 0.615402
2 0.609375 0.330861 0.104687 0.0682493 0.637872
2 0.0761719 0.238131 0.0351562 0.0489614 0.640127
2 0.377344 0.643175 0.0796875 0.218101 0.676645
5 0.541016 0.669881 0.164844 0.494065 0.705151
2 0.596484 0.387982 0.0726563 0.0875371 0.831615
2 0.224219 0.72181 0.123438 0.191395 0.897434
