2 0.225 0.316766 0.075 0.0756677 0.727977
2 0.708594 0.340504 0.1125 0.078635 0.742527
2 0.498828 0.514837 0.0726563 0.121662 0.78705
2 0.340625 0.954006 0.139062 0.0801187 0.794377
2 0.373047 0.514095 0.0648438 0.117211 0.804807
2 0.251563 0.563056 0.0921875 0.132047 0.811152
2 0.3625 0.661721 0.0921875 0.181009 0.813812
2 0.155078 0.897626 0.175781 0.189911 0.817973
2 0.525781 0.632047 0.0984375 0.172107 0.826574
5 0.362891 0.307122 0.200781 0.15727 0.870027
2 0.138672 0.558605 0.0960938 0.126113 0.873768
2 0.219531 0.698071 0.110937 0.179525 0.882917
2 0.0425781 0.847923 0.0835937 0.215134 0.894427
2 0.546094 0.867211 0.135937 0.238872 0.895384
2 0.553516 0.339763 0.110156 0.0771513 0.900526
2 0.225 0.316766 0.075 0.0756677 0.727977
2 0.708594 0.340504 0.1125 0.078635 0.742527
2 0.498828 0.514837 0.0726563 0.121662 0.78705
2 0.340625 0.954006 0.139062 0.0801187 0.794377
2 0.373047 0.514095 0.0648438 0.117211 0.804807
2 0.251563 0.563056 0.0921875 0.132047 0.811152
2 0.3625 0.661721 0.0921875 0.181009 0.813812
2 0.155078 0.897626 0.175781 0.189911 0.817973
2 0.525781 0.632047 0.0984375 0.172107 0.826574
5 0.362891 0.307122 0.200781 0.15727 0.870027
2 0.138672 0.558605 0.0960938 0.126113 0.873768
2 0.219531 0.698071 0.110937 0.179525 0.882917
2 0.0425781 0.847923 0.0835937 0.215134 0.894427
2 0.546094 0.867211 0.135937 0.238872 0.895384
2 0.553516 0.339763 0.110156 0.0771513 0.900526
