2 0.923047 0.296736 0.0554687 0.0504451 0.608779
2 0.380078 0.554154 0.0726563 0.117211 0.69207
2 0.504687 0.562315 0.0828125 0.145401 0.700975
2 0.949219 0.347923 0.06875 0.0667656 0.725195
2 0.0996094 0.942878 0.171094 0.102374 0.746216
2 0.545313 0.931751 0.157813 0.136499 0.821365
2 0.0578125 0.324184 0.0796875 0.0637982 0.823967
2 0.678906 0.69362 0.125 0.197329 0.824922
2 0.261328 0.551187 0.0898438 0.135015 0.836268
2 0.537891 0.749258 0.121094 0.216617 0.852344
2 0.207422 0.702522 0.121094 0.191395 0.858808
2 0.609766 0.396884 0.0757812 0.0905045 0.883383
2 0.370313 0.697329 0.103125 0.183976 0.894966
2 0.132422 0.583828 0.110156 0.149852 0.897231
