2 0.380078 0.554154 0.0726563 0.117211 0.632575
2 0.305469 0.246291 0.0640625 0.0504451 0.644269
2 0.504297 0.561573 0.0835937 0.146884 0.646141
2 0.1 0.942137 0.171875 0.103858 0.777636
2 0.545313 0.931751 0.15625 0.136499 0.806372
2 0.117188 0.382789 0.1125 0.103858 0.822084
2 0.261719 0.550445 0.0890625 0.133531 0.846737
2 0.207813 0.702522 0.123438 0.194362 0.855259
2 0.537109 0.747774 0.121094 0.219585 0.860087
2 0.0527344 0.772997 0.103906 0.21365 0.879243
2 0.36875 0.699555 0.103125 0.188427 0.886717
2 0.135937 0.573442 0.101562 0.14095 0.887923
2 0.380078 0.554154 0.0726563 0.117211 0.632575
2 0.305469 0.246291 0.0640625 0.0504451 0.644269
2 0.504297 0.561573 0.0835937 0.146884 0.646141
2 0.1 0.942137 0.171875 0.103858 0.777636
2 0.545313 0.931751 0.15625 0.136499 0.806372
2 0.117188 0.382789 0.1125 0.103858 0.822084
2 0.261719 0.550445 0.0890625 0.133531 0.846737
2 0.207813 0.702522 0.123438 0.194362 0.855259
2 0.537109 0.747774 0.121094 0.219585 0.860087
2 0.0527344 0.772997 0.103906 0.21365 0.879243
2 0.36875 0.699555 0.103125 0.188427 0.886717
2 0.135937 0.573442 0.101562 0.14095 0.887923
