2 0.366797 0.979228 0.121094 0.041543 0.618153
7 0.491797 0.498516 0.0851562 0.181009 0.621196
7 0.586719 0.925074 0.151562 0.149852 0.643968
2 0.493359 0.250742 0.0570313 0.0504451 0.736013
2 0.373047 0.5727 0.0835937 0.175074 0.745534
2 0.242969 0.593472 0.1 0.154303 0.789245
2 0.527734 0.691395 0.113281 0.20178 0.814718
2 0.144922 0.548961 0.102344 0.163205 0.835885
2 0.367188 0.775964 0.109375 0.189911 0.890888
2 0.182031 0.849407 0.154687 0.22997 0.916173
2 0.366797 0.979228 0.121094 0.041543 0.618153
7 0.491797 0.498516 0.0851562 0.181009 0.621196
7 0.586719 0.925074 0.151562 0.149852 0.643968
2 0.493359 0.250742 0.0570313 0.0504451 0.736013
2 0.373047 0.5727 0.0835937 0.175074 0.745534
2 0.242969 0.593472 0.1 0.154303 0.789245
2 0.527734 0.691395 0.113281 0.20178 0.814718
2 0.144922 0.548961 0.102344 0.163205 0.835885
2 0.367188 0.775964 0.109375 0.189911 0.890888
2 0.182031 0.849407 0.154687 0.22997 0.916173
