2 0.949609 0.348665 0.0695312 0.0652819 0.70744
2 0.660156 0.405044 0.0765625 0.0890208 0.777102
2 0.545703 0.931751 0.155469 0.136499 0.782933
2 0.125391 0.59273 0.108594 0.146884 0.797604
2 0.579687 0.285608 0.090625 0.0578635 0.811482
2 0.260938 0.551187 0.0890625 0.132047 0.817946
2 0.292969 0.273739 0.06875 0.0608309 0.830733
2 0.207422 0.702522 0.121094 0.191395 0.840209
2 0.617969 0.55638 0.0921875 0.145401 0.856013
2 0.5375 0.747774 0.120312 0.219585 0.859717
2 0.368359 0.700297 0.100781 0.186944 0.887774
