2 0.219531 0.373887 0.059375 0.103858 0.633594
2 0.308203 0.378338 0.0539063 0.0949555 0.7264
5 0.583594 0.781157 0.228125 0.381306 0.819351
5 0.491406 0.369436 0.0703125 0.172107 0.864248
2 0.367188 0.60089 0.0828125 0.178042 0.868845
2 0.194141 0.756677 0.130469 0.195846 0.901744
2 0.219531 0.373887 0.059375 0.103858 0.633594
2 0.308203 0.378338 0.0539063 0.0949555 0.7264
5 0.583594 0.781157 0.228125 0.381306 0.819351
5 0.491406 0.369436 0.0703125 0.172107 0.864248
2 0.367188 0.60089 0.0828125 0.178042 0.868845
2 0.194141 0.756677 0.130469 0.195846 0.901744
