2 0.100391 0.220326 0.0335938 0.037092 0.620269
2 0.243359 0.267804 0.0382813 0.0697329 0.627759
2 0.348437 0.956231 0.148438 0.0816024 0.669304
2 0.160156 0.23368 0.0328125 0.0519288 0.705865
2 0.21875 0.372404 0.059375 0.10089 0.706824
5 0.473828 0.188427 0.0398437 0.0860534 0.735443
2 0.520703 0.245549 0.0492188 0.0489614 0.802306
2 0.100391 0.220326 0.0335938 0.037092 0.620269
2 0.243359 0.267804 0.0382813 0.0697329 0.627759
2 0.348437 0.956231 0.148438 0.0816024 0.669304
2 0.160156 0.23368 0.0328125 0.0519288 0.705865
2 0.21875 0.372404 0.059375 0.10089 0.706824
5 0.473828 0.188427 0.0398437 0.0860534 0.735443
2 0.520703 0.245549 0.0492188 0.0489614 0.802306
