2 0.380469 0.554154 0.071875 0.120178 0.639025
2 0.504297 0.563798 0.0835937 0.139466 0.645758
2 0.179297 0.215134 0.0273438 0.0385757 0.646972
2 0.220313 0.215134 0.028125 0.0356083 0.669719
2 0.95 0.349407 0.0703125 0.0667656 0.685795
2 0.262891 0.551187 0.0882813 0.137982 0.842479
2 0.536328 0.742582 0.122656 0.209199 0.876912
2 0.367969 0.699555 0.101562 0.188427 0.886618
2 0.747656 0.885757 0.164062 0.21365 0.891158
2 0.380469 0.554154 0.071875 0.120178 0.639025
2 0.504297 0.563798 0.0835937 0.139466 0.645758
2 0.179297 0.215134 0.0273438 0.0385757 0.646972
2 0.220313 0.215134 0.028125 0.0356083 0.669719
2 0.95 0.349407 0.0703125 0.0667656 0.685795
2 0.262891 0.551187 0.0882813 0.137982 0.842479
2 0.536328 0.742582 0.122656 0.209199 0.876912
2 0.367969 0.699555 0.101562 0.188427 0.886618
2 0.747656 0.885757 0.164062 0.21365 0.891158
