2 0.0917969 0.330861 0.0523437 0.0801187 0.602454
2 0.358984 0.232938 0.0289063 0.0445104 0.628508
5 0.187891 0.468101 0.0632813 0.132047 0.642125
2 0.969141 0.319733 0.0617188 0.0489614 0.686371
2 0.397266 0.329377 0.0429688 0.0830861 0.788331
2 0.381641 0.412463 0.0554687 0.0979228 0.798571
2 0.336328 0.300445 0.0382813 0.0637982 0.820889
2 0.357422 0.646142 0.0914062 0.188427 0.840776
2 0.285547 0.462908 0.0710938 0.11276 0.865753
5 0.486328 0.33457 0.0742188 0.200297 0.878751
2 0.135937 0.903561 0.167187 0.181009 0.879458
