2 0.654297 0.411721 0.0882813 0.0934718 0.645493
2 0.142578 0.309347 0.0867188 0.0667656 0.670206
2 0.660547 0.333828 0.0789063 0.0652819 0.685475
2 0.111719 0.945104 0.171875 0.103858 0.72386
2 0.257422 0.570475 0.0945313 0.135015 0.74899
2 0.0515625 0.77819 0.101562 0.218101 0.810752
2 0.598828 0.493323 0.0710938 0.132047 0.816541
2 0.13125 0.580861 0.104687 0.155786 0.83425
2 0.214453 0.690653 0.117969 0.182493 0.854799
2 0.300391 0.320475 0.0945313 0.0682493 0.856355
2 0.500781 0.56454 0.0796875 0.135015 0.866978
2 0.516016 0.321217 0.102344 0.0667656 0.871466
2 0.378125 0.606825 0.0859375 0.148368 0.88511
2 0.535937 0.724777 0.104687 0.179525 0.895019
2 0.366016 0.820475 0.114844 0.219585 0.901664
