2 0.119922 0.56454 0.105469 0.12908 0.677948
2 0.0128906 0.9273 0.0257812 0.130564 0.740647
2 0.375 0.5727 0.0828125 0.166172 0.765873
2 0.342578 0.956231 0.149219 0.0756677 0.77092
2 0.55625 0.936202 0.142188 0.127596 0.839804
2 0.517578 0.652077 0.113281 0.274481 0.843669
2 0.0628906 0.699555 0.125781 0.170623 0.877749
2 0.358203 0.768546 0.113281 0.216617 0.881101
2 0.242578 0.591246 0.0898438 0.143917 0.895941
2 0.161328 0.853858 0.155469 0.22997 0.918246
2 0.119922 0.56454 0.105469 0.12908 0.677948
2 0.0128906 0.9273 0.0257812 0.130564 0.740647
2 0.375 0.5727 0.0828125 0.166172 0.765873
2 0.342578 0.956231 0.149219 0.0756677 0.77092
2 0.55625 0.936202 0.142188 0.127596 0.839804
2 0.517578 0.652077 0.113281 0.274481 0.843669
2 0.0628906 0.699555 0.125781 0.170623 0.877749
2 0.358203 0.768546 0.113281 0.216617 0.881101
2 0.242578 0.591246 0.0898438 0.143917 0.895941
2 0.161328 0.853858 0.155469 0.22997 0.918246
