2 0.275781 0.52819 0.075 0.142433 0.619315
2 0.422656 0.186944 0.021875 0.0326409 0.646256
2 0.330859 0.922849 0.142969 0.148368 0.651252
2 0.373437 0.521513 0.071875 0.0875371 0.655199
2 0.377344 0.643917 0.0796875 0.21365 0.7676
2 0.15625 0.535608 0.0859375 0.136499 0.846709
5 0.539062 0.666172 0.164062 0.492582 0.875044
2 0.0582031 0.692878 0.116406 0.172107 0.891904
2 0.224219 0.718843 0.123438 0.194362 0.894235
2 0.275781 0.52819 0.075 0.142433 0.619315
2 0.422656 0.186944 0.021875 0.0326409 0.646256
2 0.330859 0.922849 0.142969 0.148368 0.651252
2 0.373437 0.521513 0.071875 0.0875371 0.655199
2 0.377344 0.643917 0.0796875 0.21365 0.7676
2 0.15625 0.535608 0.0859375 0.136499 0.846709
5 0.539062 0.666172 0.164062 0.492582 0.875044
2 0.0582031 0.692878 0.116406 0.172107 0.891904
2 0.224219 0.718843 0.123438 0.194362 0.894235
