2 0.253906 0.1773 0.0203125 0.0252226 0.646287
2 0.216406 0.220326 0.0296875 0.0400593 0.651534
5 0.571484 0.75 0.233594 0.485163 0.701591
2 0.260938 0.591988 0.090625 0.142433 0.816439
2 0.634375 0.577893 0.0796875 0.132047 0.822731
2 0.370313 0.772255 0.096875 0.250742 0.835455
2 0.375 0.542285 0.075 0.12908 0.861644
2 0.192188 0.827151 0.15 0.24184 0.906038
2 0.253906 0.1773 0.0203125 0.0252226 0.646287
2 0.216406 0.220326 0.0296875 0.0400593 0.651534
5 0.571484 0.75 0.233594 0.485163 0.701591
2 0.260938 0.591988 0.090625 0.142433 0.816439
2 0.634375 0.577893 0.0796875 0.132047 0.822731
2 0.370313 0.772255 0.096875 0.250742 0.835455
2 0.375 0.542285 0.075 0.12908 0.861644
2 0.192188 0.827151 0.15 0.24184 0.906038
