5 0.544141 0.658754 0.172656 0.454006 0.63671
2 0.125781 0.929525 0.1625 0.14095 0.670418
2 0.378516 0.55638 0.0757812 0.121662 0.67689
2 0.491406 0.231454 0.0484375 0.0534125 0.706084
2 0.223828 0.671365 0.124219 0.218101 0.799847
2 0.34375 0.916914 0.13125 0.154303 0.809985
2 0.660156 0.626113 0.0984375 0.160237 0.812021
2 0.361328 0.696588 0.0992187 0.194362 0.818247
2 0.260938 0.548961 0.0890625 0.130564 0.819746
5 0.544141 0.658754 0.172656 0.454006 0.63671
2 0.125781 0.929525 0.1625 0.14095 0.670418
2 0.378516 0.55638 0.0757812 0.121662 0.67689
2 0.491406 0.231454 0.0484375 0.0534125 0.706084
2 0.223828 0.671365 0.124219 0.218101 0.799847
2 0.34375 0.916914 0.13125 0.154303 0.809985
2 0.660156 0.626113 0.0984375 0.160237 0.812021
2 0.361328 0.696588 0.0992187 0.194362 0.818247
2 0.260938 0.548961 0.0890625 0.130564 0.819746
