2 0.401172 0.175816 0.0210938 0.0341246 0.648977
2 0.408203 0.275223 0.0804688 0.0578635 0.781283
2 0.121875 0.567507 0.103125 0.132047 0.800206
2 0.555859 0.936202 0.142969 0.127596 0.83125
2 0.374219 0.568991 0.0828125 0.161721 0.83244
2 0.491797 0.290801 0.0882813 0.0623145 0.840118
2 0.517187 0.653561 0.110937 0.280415 0.851883
2 0.348047 0.870178 0.136719 0.238872 0.877013
2 0.242578 0.590504 0.0898438 0.145401 0.887504
2 0.159375 0.856083 0.154687 0.231454 0.911558
2 0.401172 0.175816 0.0210938 0.0341246 0.648977
2 0.408203 0.275223 0.0804688 0.0578635 0.781283
2 0.121875 0.567507 0.103125 0.132047 0.800206
2 0.555859 0.936202 0.142969 0.127596 0.83125
2 0.374219 0.568991 0.0828125 0.161721 0.83244
2 0.491797 0.290801 0.0882813 0.0623145 0.840118
2 0.517187 0.653561 0.110937 0.280415 0.851883
2 0.348047 0.870178 0.136719 0.238872 0.877013
2 0.242578 0.590504 0.0898438 0.145401 0.887504
2 0.159375 0.856083 0.154687 0.231454 0.911558
