2 0.967578 0.379822 0.0648438 0.074184 0.624109
2 0.939453 0.340504 0.0664062 0.0578635 0.627317
2 0.378516 0.557122 0.0757812 0.120178 0.670908
2 0.15625 0.279674 0.0828125 0.0637982 0.674094
2 0.125391 0.929525 0.163281 0.14095 0.727778
2 0.642969 0.589021 0.0875 0.145401 0.796389
2 0.343359 0.917656 0.130469 0.155786 0.811566
2 0.360938 0.697329 0.0984375 0.195846 0.82096
2 0.260547 0.548961 0.0898438 0.133531 0.832057
2 0.223438 0.671365 0.123438 0.218101 0.856376
2 0.619531 0.401335 0.084375 0.105341 0.888604
2 0.967578 0.379822 0.0648438 0.074184 0.624109
2 0.939453 0.340504 0.0664062 0.0578635 0.627317
2 0.378516 0.557122 0.0757812 0.120178 0.670908
2 0.15625 0.279674 0.0828125 0.0637982 0.674094
2 0.125391 0.929525 0.163281 0.14095 0.727778
2 0.642969 0.589021 0.0875 0.145401 0.796389
2 0.343359 0.917656 0.130469 0.155786 0.811566
2 0.360938 0.697329 0.0984375 0.195846 0.82096
2 0.260547 0.548961 0.0898438 0.133531 0.832057
2 0.223438 0.671365 0.123438 0.218101 0.856376
2 0.619531 0.401335 0.084375 0.105341 0.888604
