7 0.670703 0.357567 0.103906 0.136499 0.64056
2 0.111328 0.944362 0.172656 0.105341 0.710701
2 0.586328 0.958457 0.144531 0.074184 0.721132
2 0.257422 0.571217 0.0945313 0.136499 0.729421
2 0.0515625 0.777448 0.101562 0.216617 0.809152
2 0.131641 0.582344 0.103906 0.155786 0.82936
2 0.214453 0.691395 0.117969 0.181009 0.856347
2 0.500391 0.56454 0.0789063 0.135015 0.862653
2 0.597656 0.485905 0.0625 0.108309 0.88345
2 0.378906 0.606083 0.0859375 0.149852 0.888404
2 0.535937 0.727003 0.10625 0.183976 0.89584
2 0.366016 0.820475 0.114844 0.219585 0.904309
