2 0.0273438 0.247033 0.0359375 0.0430267 0.606709
2 0.262891 0.287092 0.0960938 0.0519288 0.686758
2 0.6875 0.350148 0.117188 0.0830861 0.75915
2 0.522266 0.250742 0.0554687 0.0474777 0.759757
2 0.374219 0.568991 0.0828125 0.161721 0.804139
2 0.121875 0.568249 0.103125 0.133531 0.805873
2 0.384766 0.272255 0.0773437 0.0608309 0.806488
2 0.555469 0.936202 0.142188 0.127596 0.835422
2 0.605078 0.446588 0.0726563 0.124629 0.851565
2 0.348437 0.870178 0.135937 0.238872 0.864937
2 0.517187 0.654303 0.1125 0.275964 0.868623
2 0.242578 0.590504 0.0898438 0.145401 0.887155
2 0.757031 0.881306 0.179688 0.219585 0.89721
2 0.160156 0.856083 0.154687 0.231454 0.910113
