2 0.298828 0.934718 0.171094 0.121662 0.600766
2 0.403516 0.217359 0.0351562 0.0519288 0.60928
2 0.380078 0.554154 0.0726563 0.117211 0.650778
2 0.504297 0.565282 0.0835937 0.142433 0.707859
2 0.1 0.940653 0.171875 0.103858 0.795475
2 0.546094 0.931751 0.15625 0.136499 0.796069
2 0.525781 0.313056 0.0953125 0.0593472 0.81888
2 0.261719 0.549703 0.0890625 0.135015 0.847081
2 0.208203 0.703264 0.122656 0.195846 0.859081
2 0.5375 0.747774 0.121875 0.219585 0.860215
2 0.36875 0.699555 0.101562 0.188427 0.887334
2 0.135547 0.5727 0.100781 0.139466 0.887785
2 0.0527344 0.772997 0.103906 0.210682 0.889433
