2 0.0703125 0.305638 0.05 0.0682493 0.637984
2 0.0128906 0.9273 0.0257812 0.130564 0.756684
2 0.374609 0.514837 0.0726563 0.130564 0.779966
2 0.488672 0.542285 0.0742188 0.135015 0.794302
2 0.317578 0.931751 0.146094 0.124629 0.80532
2 0.305078 0.367953 0.0507812 0.0830861 0.810348
2 0.364844 0.668398 0.101562 0.194362 0.818471
2 0.335156 0.275223 0.034375 0.0548961 0.821092
2 0.158203 0.508902 0.0976562 0.115727 0.823395
2 0.389844 0.316766 0.0453125 0.0756677 0.839148
2 0.0816406 0.661721 0.122656 0.175074 0.872959
2 0.542188 0.865727 0.134375 0.235905 0.913167
2 0.0703125 0.305638 0.05 0.0682493 0.637984
2 0.0128906 0.9273 0.0257812 0.130564 0.756684
2 0.374609 0.514837 0.0726563 0.130564 0.779966
2 0.488672 0.542285 0.0742188 0.135015 0.794302
2 0.317578 0.931751 0.146094 0.124629 0.80532
2 0.305078 0.367953 0.0507812 0.0830861 0.810348
2 0.364844 0.668398 0.101562 0.194362 0.818471
2 0.335156 0.275223 0.034375 0.0548961 0.821092
2 0.158203 0.508902 0.0976562 0.115727 0.823395
2 0.389844 0.316766 0.0453125 0.0756677 0.839148
2 0.0816406 0.661721 0.122656 0.175074 0.872959
2 0.542188 0.865727 0.134375 0.235905 0.913167
