2 0.969141 0.319733 0.0617188 0.0489614 0.636314
2 0.222656 0.204748 0.0265625 0.0474777 0.637767
2 0.172266 0.224036 0.0304688 0.0356083 0.659599
2 0.497656 0.238131 0.0453125 0.0519288 0.706449
2 0.617578 0.56454 0.0914062 0.152819 0.828688
2 0.374219 0.568991 0.0828125 0.164688 0.834781
2 0.644531 0.420623 0.084375 0.0934718 0.857835
2 0.517187 0.652819 0.114063 0.275964 0.868262
2 0.243359 0.591246 0.0898438 0.143917 0.89358
2 0.348047 0.870178 0.136719 0.238872 0.897948
2 0.151953 0.876113 0.161719 0.24184 0.910942
2 0.969141 0.319733 0.0617188 0.0489614 0.636314
2 0.222656 0.204748 0.0265625 0.0474777 0.637767
2 0.172266 0.224036 0.0304688 0.0356083 0.659599
2 0.497656 0.238131 0.0453125 0.0519288 0.706449
2 0.617578 0.56454 0.0914062 0.152819 0.828688
2 0.374219 0.568991 0.0828125 0.164688 0.834781
2 0.644531 0.420623 0.084375 0.0934718 0.857835
2 0.517187 0.652819 0.114063 0.275964 0.868262
2 0.243359 0.591246 0.0898438 0.143917 0.89358
2 0.348047 0.870178 0.136719 0.238872 0.897948
2 0.151953 0.876113 0.161719 0.24184 0.910942
