2 0.380078 0.553412 0.0726563 0.118694 0.651525
2 0.504687 0.561573 0.084375 0.146884 0.673212
2 0.949219 0.349407 0.0703125 0.0637982 0.724303
2 0.454297 0.232196 0.0398437 0.0519288 0.739743
2 0.1 0.942137 0.171875 0.103858 0.789074
2 0.546094 0.931751 0.154687 0.136499 0.797537
2 0.261719 0.551187 0.0890625 0.135015 0.857476
2 0.536719 0.746291 0.121875 0.219585 0.860997
2 0.207813 0.701039 0.123438 0.194362 0.866314
2 0.36875 0.699555 0.101562 0.188427 0.884296
2 0.0527344 0.772997 0.103906 0.21365 0.886089
2 0.135547 0.5727 0.100781 0.139466 0.887207
