2 0.367188 0.979228 0.121875 0.041543 0.605679
7 0.586719 0.925816 0.15 0.148368 0.625983
7 0.492969 0.500742 0.084375 0.182493 0.669783
2 0.372656 0.571217 0.0828125 0.175074 0.698744
2 0.305078 0.318991 0.103906 0.0712166 0.766284
2 0.598828 0.288576 0.100781 0.0667656 0.775054
2 0.527344 0.692137 0.1125 0.200297 0.795046
2 0.145313 0.549703 0.103125 0.164688 0.832572
2 0.630078 0.410979 0.0898438 0.0919881 0.866011
2 0.242969 0.595697 0.0984375 0.149852 0.87658
2 0.366797 0.776706 0.108594 0.191395 0.887918
2 0.181641 0.850148 0.152344 0.231454 0.913112
