7 0.586328 0.925816 0.150781 0.148368 0.611024
2 0.367188 0.978487 0.121875 0.0430267 0.633061
2 0.372656 0.570475 0.0828125 0.170623 0.800713
2 0.528125 0.692137 0.110937 0.203264 0.815659
2 0.242969 0.593472 0.1 0.154303 0.847474
2 0.144922 0.550445 0.102344 0.163205 0.848841
5 0.492578 0.49184 0.0835937 0.179525 0.873679
2 0.367188 0.775964 0.109375 0.189911 0.88998
2 0.181641 0.850148 0.155469 0.231454 0.921287
7 0.586328 0.925816 0.150781 0.148368 0.611024
2 0.367188 0.978487 0.121875 0.0430267 0.633061
2 0.372656 0.570475 0.0828125 0.170623 0.800713
2 0.528125 0.692137 0.110937 0.203264 0.815659
2 0.242969 0.593472 0.1 0.154303 0.847474
2 0.144922 0.550445 0.102344 0.163205 0.848841
5 0.492578 0.49184 0.0835937 0.179525 0.873679
2 0.367188 0.775964 0.109375 0.189911 0.88998
2 0.181641 0.850148 0.155469 0.231454 0.921287
