2 0.0574219 0.302671 0.0523437 0.0563798 0.629082
2 0.182812 0.252967 0.0296875 0.0489614 0.635686
2 0.240234 0.252967 0.0289063 0.0637982 0.650499
2 0.0707031 0.364243 0.0632813 0.0964392 0.663021
2 0.969141 0.320475 0.0617188 0.0504451 0.677282
2 0.146094 0.291543 0.04375 0.0667656 0.705435
5 0.475781 0.243323 0.0484375 0.124629 0.84209
2 0.0574219 0.302671 0.0523437 0.0563798 0.629082
2 0.182812 0.252967 0.0296875 0.0489614 0.635686
2 0.240234 0.252967 0.0289063 0.0637982 0.650499
2 0.0707031 0.364243 0.0632813 0.0964392 0.663021
2 0.969141 0.320475 0.0617188 0.0504451 0.677282
2 0.146094 0.291543 0.04375 0.0667656 0.705435
5 0.475781 0.243323 0.0484375 0.124629 0.84209
