2 0.496484 0.517062 0.0710938 0.114243 0.677624
2 0.251953 0.563056 0.0914062 0.135015 0.777456
2 0.372656 0.514095 0.065625 0.117211 0.782238
2 0.0503906 0.320475 0.0710938 0.0682493 0.784938
2 0.525391 0.632047 0.0992187 0.169139 0.792666
2 0.435547 0.275964 0.0835937 0.0563798 0.79611
2 0.315625 0.308605 0.101562 0.0830861 0.806116
2 0.155859 0.898368 0.174219 0.188427 0.814853
2 0.340234 0.954748 0.139844 0.0816024 0.81489
2 0.3625 0.659496 0.0921875 0.182493 0.827175
2 0.139062 0.557863 0.096875 0.127596 0.867358
2 0.219141 0.698071 0.111719 0.179525 0.870536
2 0.545313 0.336053 0.1125 0.0727003 0.877945
2 0.0386719 0.863501 0.0757812 0.216617 0.888874
2 0.546094 0.867953 0.135937 0.240356 0.891816
2 0.496484 0.517062 0.0710938 0.114243 0.677624
2 0.251953 0.563056 0.0914062 0.135015 0.777456
2 0.372656 0.514095 0.065625 0.117211 0.782238
2 0.0503906 0.320475 0.0710938 0.0682493 0.784938
2 0.525391 0.632047 0.0992187 0.169139 0.792666
2 0.435547 0.275964 0.0835937 0.0563798 0.79611
2 0.315625 0.308605 0.101562 0.0830861 0.806116
2 0.155859 0.898368 0.174219 0.188427 0.814853
2 0.340234 0.954748 0.139844 0.0816024 0.81489
2 0.3625 0.659496 0.0921875 0.182493 0.827175
2 0.139062 0.557863 0.096875 0.127596 0.867358
2 0.219141 0.698071 0.111719 0.179525 0.870536
2 0.545313 0.336053 0.1125 0.0727003 0.877945
2 0.0386719 0.863501 0.0757812 0.216617 0.888874
2 0.546094 0.867953 0.135937 0.240356 0.891816
