2 0.221094 0.326409 0.096875 0.0682493 0.753445
2 0.122266 0.566766 0.107031 0.136499 0.77468
2 0.658594 0.295252 0.0859375 0.0712166 0.782421
2 0.409375 0.277448 0.0859375 0.0593472 0.782611
2 0.373828 0.567507 0.0835937 0.164688 0.80828
2 0.555859 0.936202 0.142969 0.127596 0.81101
2 0.348437 0.87092 0.1375 0.240356 0.865053
2 0.511328 0.326409 0.107031 0.0682493 0.872312
2 0.517187 0.652819 0.1125 0.278932 0.876071
2 0.242578 0.591246 0.0898438 0.143917 0.877731
2 0.159375 0.856083 0.154687 0.231454 0.906952
2 0.221094 0.326409 0.096875 0.0682493 0.753445
2 0.122266 0.566766 0.107031 0.136499 0.77468
2 0.658594 0.295252 0.0859375 0.0712166 0.782421
2 0.409375 0.277448 0.0859375 0.0593472 0.782611
2 0.373828 0.567507 0.0835937 0.164688 0.80828
2 0.555859 0.936202 0.142969 0.127596 0.81101
2 0.348437 0.87092 0.1375 0.240356 0.865053
2 0.511328 0.326409 0.107031 0.0682493 0.872312
2 0.517187 0.652819 0.1125 0.278932 0.876071
2 0.242578 0.591246 0.0898438 0.143917 0.877731
2 0.159375 0.856083 0.154687 0.231454 0.906952
