2 0.391016 0.274481 0.0289063 0.0504451 0.741637
2 0.547656 0.920623 0.153125 0.158754 0.766245
2 0.488672 0.405044 0.0570313 0.0919881 0.78159
2 0.387109 0.394659 0.0570313 0.0979228 0.785475
2 0.342578 0.940653 0.142969 0.109792 0.787467
2 0.272656 0.505935 0.0703125 0.133531 0.79188
2 0.307031 0.360534 0.0515625 0.0830861 0.804379
2 0.172656 0.497774 0.084375 0.114243 0.831626
2 0.455469 0.300445 0.0375 0.0637982 0.877544
2 0.517969 0.654303 0.09375 0.189911 0.87834
2 0.235156 0.678042 0.117188 0.175074 0.880527
2 0.0660156 0.72997 0.132031 0.178042 0.884224
2 0.380859 0.600148 0.0789063 0.135015 0.88646
