2 0.0488281 0.3227 0.0554687 0.0697329 0.614183
2 0.9375 0.341246 0.065625 0.0593472 0.637617
2 0.219141 0.393917 0.0585938 0.0756677 0.6942
2 0.374219 0.689911 0.114063 0.284866 0.797689
2 0.335156 0.305638 0.04375 0.0623145 0.805031
2 0.182031 0.494807 0.0828125 0.114243 0.823358
2 0.461328 0.316766 0.0429688 0.0697329 0.823943
2 0.381641 0.504451 0.0648438 0.0979228 0.829434
2 0.472266 0.46365 0.0648438 0.111276 0.852531
2 0.2875 0.464392 0.0703125 0.115727 0.855713
2 0.155078 0.876113 0.153906 0.235905 0.877163
2 0.537891 0.787092 0.119531 0.215134 0.890614
2 0.0488281 0.3227 0.0554687 0.0697329 0.614183
2 0.9375 0.341246 0.065625 0.0593472 0.637617
2 0.219141 0.393917 0.0585938 0.0756677 0.6942
2 0.374219 0.689911 0.114063 0.284866 0.797689
2 0.335156 0.305638 0.04375 0.0623145 0.805031
2 0.182031 0.494807 0.0828125 0.114243 0.823358
2 0.461328 0.316766 0.0429688 0.0697329 0.823943
2 0.381641 0.504451 0.0648438 0.0979228 0.829434
2 0.472266 0.46365 0.0648438 0.111276 0.852531
2 0.2875 0.464392 0.0703125 0.115727 0.855713
2 0.155078 0.876113 0.153906 0.235905 0.877163
2 0.537891 0.787092 0.119531 0.215134 0.890614
