2 0.498047 0.517062 0.0695312 0.117211 0.684495
2 0.670703 0.290059 0.0664062 0.0548961 0.71089
2 0.372656 0.514095 0.065625 0.120178 0.760642
2 0.251563 0.563798 0.0921875 0.133531 0.774295
2 0.0472656 0.320475 0.0664062 0.0712166 0.779261
2 0.223047 0.333086 0.0960938 0.0667656 0.780616
2 0.158203 0.896884 0.169531 0.188427 0.783926
2 0.3625 0.65727 0.0921875 0.181009 0.803335
2 0.525391 0.632047 0.0992187 0.169139 0.822542
2 0.561328 0.343472 0.105469 0.0756677 0.851598
2 0.216406 0.70178 0.107813 0.181009 0.858239
2 0.139062 0.559347 0.096875 0.127596 0.865319
2 0.546094 0.867953 0.135937 0.240356 0.891005
2 0.632422 0.393917 0.0867188 0.0964392 0.90104
