2 0.651563 0.386499 0.0546875 0.078635 0.660653
2 0.184375 0.317507 0.0640625 0.0860534 0.677492
2 0.211719 0.408754 0.059375 0.102374 0.731097
2 0.121875 0.942878 0.159375 0.102374 0.743554
2 0.498047 0.522255 0.0710938 0.133531 0.758239
2 0.374219 0.519288 0.065625 0.124629 0.804614
2 0.119141 0.609792 0.108594 0.136499 0.804945
2 0.249609 0.580861 0.0929687 0.161721 0.852441
2 0.651563 0.386499 0.0546875 0.078635 0.660653
2 0.184375 0.317507 0.0640625 0.0860534 0.677492
2 0.211719 0.408754 0.059375 0.102374 0.731097
2 0.121875 0.942878 0.159375 0.102374 0.743554
2 0.498047 0.522255 0.0710938 0.133531 0.758239
2 0.374219 0.519288 0.065625 0.124629 0.804614
2 0.119141 0.609792 0.108594 0.136499 0.804945
2 0.249609 0.580861 0.0929687 0.161721 0.852441
