2 0.248437 0.225519 0.028125 0.0474777 0.62699
2 0.497656 0.51632 0.0703125 0.115727 0.645615
2 0.251563 0.56454 0.0921875 0.135015 0.798224
2 0.525 0.632047 0.1 0.169139 0.813328
2 0.374219 0.518546 0.065625 0.126113 0.815643
2 0.149609 0.913205 0.178906 0.164688 0.83235
2 0.216406 0.700297 0.109375 0.178042 0.852558
2 0.621875 0.433976 0.0734375 0.0994065 0.853751
2 0.248437 0.225519 0.028125 0.0474777 0.62699
2 0.497656 0.51632 0.0703125 0.115727 0.645615
2 0.251563 0.56454 0.0921875 0.135015 0.798224
2 0.525 0.632047 0.1 0.169139 0.813328
2 0.374219 0.518546 0.065625 0.126113 0.815643
2 0.149609 0.913205 0.178906 0.164688 0.83235
2 0.216406 0.700297 0.109375 0.178042 0.852558
2 0.621875 0.433976 0.0734375 0.0994065 0.853751
