2 0.0882813 0.307864 0.0640625 0.0637982 0.70693
2 0.192188 0.376113 0.059375 0.0905045 0.708569
2 0.265234 0.553412 0.0851562 0.136499 0.812648
2 0.0753906 0.690653 0.141406 0.179525 0.865174
2 0.349219 0.824184 0.115625 0.235905 0.882769
2 0.371875 0.632789 0.0890625 0.161721 0.883584
2 0.0882813 0.307864 0.0640625 0.0637982 0.70693
2 0.192188 0.376113 0.059375 0.0905045 0.708569
2 0.265234 0.553412 0.0851562 0.136499 0.812648
2 0.0753906 0.690653 0.141406 0.179525 0.865174
2 0.349219 0.824184 0.115625 0.235905 0.882769
2 0.371875 0.632789 0.0890625 0.161721 0.883584
