2 0.616797 0.268546 0.0820312 0.0534125 0.603049
2 0.489453 0.292285 0.0820312 0.0534125 0.665889
2 0.948438 0.347923 0.06875 0.0697329 0.714241
2 0.599219 0.493323 0.06875 0.108309 0.774788
2 0.380469 0.554154 0.0734375 0.117211 0.775415
2 0.546094 0.933234 0.157813 0.133531 0.819981
2 0.410937 0.3227 0.1 0.0667656 0.838523
2 0.2625 0.550445 0.0875 0.136499 0.85163
2 0.5375 0.749258 0.121875 0.222552 0.867098
2 0.636719 0.609792 0.1 0.160237 0.874214
2 0.368359 0.699555 0.102344 0.188427 0.883254
