2 0.380078 0.554154 0.0726563 0.117211 0.672015
2 0.504297 0.56454 0.0835937 0.137982 0.706553
2 0.0949219 0.951039 0.167969 0.0860534 0.708227
2 0.950391 0.348665 0.0695312 0.0623145 0.714898
2 0.693359 0.392433 0.0945313 0.0816024 0.715712
2 0.0804688 0.277448 0.0671875 0.0563798 0.740421
2 0.300391 0.279674 0.0835937 0.0578635 0.800124
2 0.545703 0.931751 0.155469 0.136499 0.803482
2 0.576953 0.376855 0.0695312 0.0949555 0.805399
2 0.261328 0.549703 0.0898438 0.135015 0.827604
2 0.593359 0.5 0.0726563 0.121662 0.830578
2 0.537891 0.748516 0.121094 0.218101 0.850486
2 0.207422 0.702522 0.121094 0.191395 0.856097
2 0.132031 0.586053 0.109375 0.151335 0.864126
2 0.368359 0.699555 0.100781 0.188427 0.889465
2 0.380078 0.554154 0.0726563 0.117211 0.672015
2 0.504297 0.56454 0.0835937 0.137982 0.706553
2 0.0949219 0.951039 0.167969 0.0860534 0.708227
2 0.950391 0.348665 0.0695312 0.0623145 0.714898
2 0.693359 0.392433 0.0945313 0.0816024 0.715712
2 0.0804688 0.277448 0.0671875 0.0563798 0.740421
2 0.300391 0.279674 0.0835937 0.0578635 0.800124
2 0.545703 0.931751 0.155469 0.136499 0.803482
2 0.576953 0.376855 0.0695312 0.0949555 0.805399
2 0.261328 0.549703 0.0898438 0.135015 0.827604
2 0.593359 0.5 0.0726563 0.121662 0.830578
2 0.537891 0.748516 0.121094 0.218101 0.850486
2 0.207422 0.702522 0.121094 0.191395 0.856097
2 0.132031 0.586053 0.109375 0.151335 0.864126
2 0.368359 0.699555 0.100781 0.188427 0.889465
