2 0.213672 0.394659 0.0554687 0.109792 0.634433
2 0.497656 0.522255 0.0703125 0.133531 0.735238
2 0.69375 0.379822 0.09375 0.0979228 0.735337
2 0.133594 0.590504 0.1 0.148368 0.792195
2 0.374219 0.519288 0.065625 0.124629 0.82304
2 0.251172 0.57641 0.0914062 0.158754 0.836109
2 0.138672 0.901335 0.164844 0.179525 0.868178
2 0.213672 0.394659 0.0554687 0.109792 0.634433
2 0.497656 0.522255 0.0703125 0.133531 0.735238
2 0.69375 0.379822 0.09375 0.0979228 0.735337
2 0.133594 0.590504 0.1 0.148368 0.792195
2 0.374219 0.519288 0.065625 0.124629 0.82304
2 0.251172 0.57641 0.0914062 0.158754 0.836109
2 0.138672 0.901335 0.164844 0.179525 0.868178
