2 0.926172 0.333828 0.0632813 0.0652819 0.683475
2 0.498437 0.515579 0.0703125 0.114243 0.726136
2 0.373047 0.512611 0.0664062 0.117211 0.739058
2 0.251953 0.562315 0.0914062 0.133531 0.778966
2 0.362109 0.656528 0.0914062 0.179525 0.804804
2 0.155859 0.898368 0.174219 0.188427 0.808709
2 0.344531 0.919881 0.140625 0.151335 0.809013
2 0.525391 0.634273 0.0992187 0.170623 0.811812
2 0.139062 0.557863 0.096875 0.127596 0.865447
2 0.344531 0.327151 0.121875 0.102374 0.867648
2 0.219141 0.697329 0.111719 0.181009 0.873365
2 0.546094 0.867211 0.135937 0.238872 0.89655
2 0.0425781 0.847923 0.0835937 0.215134 0.903191
