5 0.493359 0.503709 0.0867188 0.18546 0.607762
2 0.367188 0.979228 0.121875 0.041543 0.625479
2 0.702734 0.344956 0.113281 0.0934718 0.699415
2 0.185937 0.309347 0.090625 0.0727003 0.744212
2 0.372266 0.571958 0.0835937 0.173591 0.767037
2 0.527734 0.690653 0.111719 0.200297 0.811253
2 0.145703 0.550445 0.105469 0.166172 0.828777
2 0.598437 0.504451 0.0734375 0.130564 0.844198
2 0.242969 0.597181 0.0984375 0.149852 0.858451
5 0.503906 0.264095 0.1625 0.124629 0.864565
2 0.367188 0.775964 0.109375 0.189911 0.890829
2 0.181641 0.850148 0.152344 0.231454 0.908815
5 0.493359 0.503709 0.0867188 0.18546 0.607762
2 0.367188 0.979228 0.121875 0.041543 0.625479
2 0.702734 0.344956 0.113281 0.0934718 0.699415
2 0.185937 0.309347 0.090625 0.0727003 0.744212
2 0.372266 0.571958 0.0835937 0.173591 0.767037
2 0.527734 0.690653 0.111719 0.200297 0.811253
2 0.145703 0.550445 0.105469 0.166172 0.828777
2 0.598437 0.504451 0.0734375 0.130564 0.844198
2 0.242969 0.597181 0.0984375 0.149852 0.858451
5 0.503906 0.264095 0.1625 0.124629 0.864565
2 0.367188 0.775964 0.109375 0.189911 0.890829
2 0.181641 0.850148 0.152344 0.231454 0.908815
