2 0.396875 0.175074 0.021875 0.0356083 0.609815
2 0.374609 0.517804 0.0710938 0.0860534 0.677141
2 0.611328 0.269288 0.0742188 0.0519288 0.688432
2 0.271484 0.549703 0.0804688 0.14095 0.689485
2 0.376953 0.236647 0.0554687 0.0519288 0.750033
2 0.377344 0.646884 0.0796875 0.21365 0.786582
5 0.541406 0.672107 0.164062 0.492582 0.809383
2 0.15625 0.535608 0.084375 0.133531 0.827391
2 0.470313 0.324184 0.1 0.0667656 0.874669
2 0.0578125 0.69362 0.115625 0.173591 0.893702
2 0.223828 0.721068 0.122656 0.189911 0.900769
2 0.396875 0.175074 0.021875 0.0356083 0.609815
2 0.374609 0.517804 0.0710938 0.0860534 0.677141
2 0.611328 0.269288 0.0742188 0.0519288 0.688432
2 0.271484 0.549703 0.0804688 0.14095 0.689485
2 0.376953 0.236647 0.0554687 0.0519288 0.750033
2 0.377344 0.646884 0.0796875 0.21365 0.786582
5 0.541406 0.672107 0.164062 0.492582 0.809383
2 0.15625 0.535608 0.084375 0.133531 0.827391
2 0.470313 0.324184 0.1 0.0667656 0.874669
2 0.0578125 0.69362 0.115625 0.173591 0.893702
2 0.223828 0.721068 0.122656 0.189911 0.900769
