2 0.498047 0.51632 0.0710938 0.115727 0.700102
2 0.259766 0.346439 0.127344 0.111276 0.745848
2 0.373437 0.513353 0.065625 0.118694 0.750722
2 0.251563 0.563056 0.090625 0.135015 0.77191
2 0.344922 0.920623 0.139844 0.152819 0.808408
2 0.362109 0.655786 0.0929687 0.181009 0.812297
2 0.525391 0.634273 0.0992187 0.170623 0.816407
2 0.155469 0.89911 0.175 0.186944 0.817318
2 0.139062 0.557863 0.096875 0.127596 0.866905
2 0.219141 0.698071 0.111719 0.179525 0.879056
2 0.546094 0.867953 0.135937 0.240356 0.895556
2 0.0425781 0.847181 0.0835937 0.21365 0.901789
