7 0.586328 0.925816 0.150781 0.148368 0.610504
2 0.366797 0.979228 0.121094 0.041543 0.629801
7 0.493359 0.501484 0.0851562 0.183976 0.631766
2 0.0660156 0.241098 0.0476562 0.0489614 0.663784
2 0.372266 0.5727 0.0820312 0.175074 0.692102
2 0.528125 0.691395 0.1125 0.20178 0.764882
2 0.146094 0.547478 0.101562 0.166172 0.805338
2 0.588281 0.433234 0.071875 0.10089 0.819459
2 0.242969 0.597181 0.0984375 0.149852 0.869973
2 0.366797 0.775964 0.108594 0.189911 0.890934
2 0.182031 0.849407 0.154687 0.22997 0.91603
7 0.586328 0.925816 0.150781 0.148368 0.610504
2 0.366797 0.979228 0.121094 0.041543 0.629801
7 0.493359 0.501484 0.0851562 0.183976 0.631766
2 0.0660156 0.241098 0.0476562 0.0489614 0.663784
2 0.372266 0.5727 0.0820312 0.175074 0.692102
2 0.528125 0.691395 0.1125 0.20178 0.764882
2 0.146094 0.547478 0.101562 0.166172 0.805338
2 0.588281 0.433234 0.071875 0.10089 0.819459
2 0.242969 0.597181 0.0984375 0.149852 0.869973
2 0.366797 0.775964 0.108594 0.189911 0.890934
2 0.182031 0.849407 0.154687 0.22997 0.91603
