2 0.0597656 0.388724 0.0835937 0.0949555 0.655968
2 0.341016 0.971068 0.146094 0.0578635 0.70424
2 0.0128906 0.926558 0.0257812 0.12908 0.743872
2 0.120703 0.56454 0.107031 0.12908 0.745266
2 0.375 0.5727 0.0828125 0.166172 0.766488
2 0.55625 0.936202 0.142188 0.127596 0.848386
2 0.517187 0.652819 0.110937 0.278932 0.855453
2 0.0628906 0.700297 0.125781 0.172107 0.879787
2 0.358594 0.76632 0.114063 0.215134 0.882375
2 0.242578 0.591246 0.0898438 0.143917 0.896253
2 0.160938 0.853858 0.154687 0.22997 0.922528
2 0.0597656 0.388724 0.0835937 0.0949555 0.655968
2 0.341016 0.971068 0.146094 0.0578635 0.70424
2 0.0128906 0.926558 0.0257812 0.12908 0.743872
2 0.120703 0.56454 0.107031 0.12908 0.745266
2 0.375 0.5727 0.0828125 0.166172 0.766488
2 0.55625 0.936202 0.142188 0.127596 0.848386
2 0.517187 0.652819 0.110937 0.278932 0.855453
2 0.0628906 0.700297 0.125781 0.172107 0.879787
2 0.358594 0.76632 0.114063 0.215134 0.882375
2 0.242578 0.591246 0.0898438 0.143917 0.896253
2 0.160938 0.853858 0.154687 0.22997 0.922528
