2 0.498437 0.517062 0.0734375 0.120178 0.738652
2 0.372656 0.514095 0.065625 0.120178 0.776689
2 0.251563 0.563056 0.0921875 0.132047 0.794212
2 0.344531 0.920623 0.140625 0.149852 0.809224
2 0.155859 0.898368 0.174219 0.188427 0.811268
2 0.525391 0.632789 0.0992187 0.170623 0.822769
2 0.362109 0.65727 0.0914062 0.178042 0.822886
2 0.358984 0.338279 0.0976562 0.074184 0.86202
2 0.139062 0.558605 0.096875 0.126113 0.862592
2 0.219141 0.698071 0.111719 0.179525 0.870946
2 0.611719 0.313056 0.096875 0.0652819 0.870993
2 0.546094 0.867953 0.135937 0.240356 0.90069
2 0.0425781 0.847181 0.0835937 0.21365 0.902388
