7 0.493359 0.502226 0.0851562 0.18546 0.658733
2 0.527344 0.691395 0.1125 0.20178 0.742553
2 0.372266 0.570475 0.0820312 0.173591 0.767699
2 0.517969 0.277448 0.0859375 0.0652819 0.801426
2 0.242578 0.596439 0.0976562 0.151335 0.838321
2 0.145313 0.551187 0.101562 0.161721 0.845848
2 0.608203 0.50816 0.0851562 0.117211 0.847741
2 0.408984 0.324926 0.102344 0.0682493 0.848096
2 0.367188 0.776706 0.109375 0.191395 0.890936
2 0.181641 0.850148 0.152344 0.231454 0.906557
7 0.493359 0.502226 0.0851562 0.18546 0.658733
2 0.527344 0.691395 0.1125 0.20178 0.742553
2 0.372266 0.570475 0.0820312 0.173591 0.767699
2 0.517969 0.277448 0.0859375 0.0652819 0.801426
2 0.242578 0.596439 0.0976562 0.151335 0.838321
2 0.145313 0.551187 0.101562 0.161721 0.845848
2 0.608203 0.50816 0.0851562 0.117211 0.847741
2 0.408984 0.324926 0.102344 0.0682493 0.848096
2 0.367188 0.776706 0.109375 0.191395 0.890936
2 0.181641 0.850148 0.152344 0.231454 0.906557
