2 0.154297 0.308605 0.0882813 0.0652819 0.644349
2 0.659766 0.287834 0.0757812 0.0504451 0.686563
5 0.541016 0.671365 0.164844 0.497033 0.711688
2 0.374219 0.537092 0.075 0.127596 0.759944
2 0.375391 0.663205 0.0804688 0.207715 0.793876
2 0.583203 0.298961 0.0945313 0.0578635 0.829573
2 0.260938 0.594214 0.090625 0.146884 0.862444
2 0.206641 0.782641 0.138281 0.221068 0.888097
2 0.471094 0.321217 0.109375 0.0875371 0.903749
2 0.154297 0.308605 0.0882813 0.0652819 0.644349
2 0.659766 0.287834 0.0757812 0.0504451 0.686563
5 0.541016 0.671365 0.164844 0.497033 0.711688
2 0.374219 0.537092 0.075 0.127596 0.759944
2 0.375391 0.663205 0.0804688 0.207715 0.793876
2 0.583203 0.298961 0.0945313 0.0578635 0.829573
2 0.260938 0.594214 0.090625 0.146884 0.862444
2 0.206641 0.782641 0.138281 0.221068 0.888097
2 0.471094 0.321217 0.109375 0.0875371 0.903749
