2 0.419922 0.183234 0.0195312 0.0311573 0.65017
2 0.219531 0.373145 0.0578125 0.105341 0.681529
2 0.392969 0.230712 0.028125 0.0430267 0.703008
2 0.398438 0.281157 0.0359375 0.0578635 0.747085
2 0.458203 0.357567 0.0476562 0.0830861 0.842083
2 0.262109 0.586053 0.0914062 0.142433 0.883327
2 0.419922 0.183234 0.0195312 0.0311573 0.65017
2 0.219531 0.373145 0.0578125 0.105341 0.681529
2 0.392969 0.230712 0.028125 0.0430267 0.703008
2 0.398438 0.281157 0.0359375 0.0578635 0.747085
2 0.458203 0.357567 0.0476562 0.0830861 0.842083
2 0.262109 0.586053 0.0914062 0.142433 0.883327
