2 0.304297 0.260386 0.0726563 0.0519288 0.632247
2 0.225 0.339763 0.040625 0.0534125 0.651173
2 0.227734 0.406528 0.0601562 0.0919881 0.683689
2 0.164844 0.301187 0.0671875 0.0593472 0.767098
2 0.167578 0.482196 0.0773437 0.106825 0.833586
2 0.596484 0.331602 0.102344 0.0667656 0.861726
2 0.119141 0.595697 0.108594 0.149852 0.881737
2 0.304297 0.260386 0.0726563 0.0519288 0.632247
2 0.225 0.339763 0.040625 0.0534125 0.651173
2 0.227734 0.406528 0.0601562 0.0919881 0.683689
2 0.164844 0.301187 0.0671875 0.0593472 0.767098
2 0.167578 0.482196 0.0773437 0.106825 0.833586
2 0.596484 0.331602 0.102344 0.0667656 0.861726
2 0.119141 0.595697 0.108594 0.149852 0.881737
