2 0.283203 0.283383 0.0773437 0.0563798 0.615329
2 0.660937 0.343472 0.0765625 0.0875371 0.684127
2 0.125781 0.929525 0.1625 0.137982 0.684413
2 0.378516 0.55638 0.0757812 0.121662 0.754233
2 0.496094 0.277448 0.0859375 0.0652819 0.785369
2 0.351562 0.329377 0.096875 0.0801187 0.79399
2 0.223828 0.671365 0.124219 0.218101 0.825854
2 0.343359 0.917656 0.132031 0.152819 0.826765
2 0.261328 0.54822 0.0882813 0.132047 0.831762
2 0.591797 0.336795 0.114844 0.0890208 0.847118
2 0.361328 0.698071 0.0992187 0.197329 0.848208
2 0.651172 0.41543 0.0914062 0.0890208 0.884931
