2 0.498047 0.515579 0.0695312 0.114243 0.693768
2 0.373437 0.512611 0.065625 0.120178 0.74924
2 0.251563 0.563056 0.090625 0.135015 0.750895
2 0.288281 0.341246 0.128125 0.109792 0.764358
2 0.525391 0.633531 0.0992187 0.172107 0.801474
2 0.344922 0.919881 0.139844 0.151335 0.805666
2 0.362109 0.655786 0.0929687 0.183976 0.807992
2 0.155469 0.89911 0.175 0.186944 0.810631
2 0.139062 0.557863 0.096875 0.127596 0.859844
2 0.219141 0.697329 0.111719 0.181009 0.875221
2 0.546094 0.867953 0.135937 0.240356 0.89515
2 0.0425781 0.847923 0.0835937 0.215134 0.899069
