2 0.938672 0.341246 0.0648438 0.0593472 0.600496
2 0.218359 0.396142 0.0585938 0.0860534 0.690361
2 0.229297 0.331602 0.0414063 0.0667656 0.732442
2 0.512891 0.581602 0.0929687 0.175074 0.826563
2 0.195312 0.467359 0.078125 0.115727 0.840904
2 0.153906 0.561573 0.09375 0.135015 0.841273
2 0.938672 0.341246 0.0648438 0.0593472 0.600496
2 0.218359 0.396142 0.0585938 0.0860534 0.690361
2 0.229297 0.331602 0.0414063 0.0667656 0.732442
2 0.512891 0.581602 0.0929687 0.175074 0.826563
2 0.195312 0.467359 0.078125 0.115727 0.840904
2 0.153906 0.561573 0.09375 0.135015 0.841273
