2 0.329688 0.922849 0.145313 0.148368 0.623785
2 0.3125 0.287092 0.09375 0.0578635 0.644562
5 0.541016 0.669881 0.164844 0.488131 0.688563
2 0.106641 0.312315 0.0945313 0.0667656 0.740005
2 0.374219 0.53635 0.075 0.126113 0.773283
2 0.376172 0.664688 0.0804688 0.207715 0.81944
2 0.586719 0.285608 0.084375 0.0548961 0.827613
2 0.445312 0.305638 0.0984375 0.10089 0.865629
2 0.260938 0.594214 0.090625 0.146884 0.87366
2 0.20625 0.781157 0.1375 0.221068 0.899622
2 0.329688 0.922849 0.145313 0.148368 0.623785
2 0.3125 0.287092 0.09375 0.0578635 0.644562
5 0.541016 0.669881 0.164844 0.488131 0.688563
2 0.106641 0.312315 0.0945313 0.0667656 0.740005
2 0.374219 0.53635 0.075 0.126113 0.773283
2 0.376172 0.664688 0.0804688 0.207715 0.81944
2 0.586719 0.285608 0.084375 0.0548961 0.827613
2 0.445312 0.305638 0.0984375 0.10089 0.865629
2 0.260938 0.594214 0.090625 0.146884 0.87366
2 0.20625 0.781157 0.1375 0.221068 0.899622
