2 0.0339844 0.244807 0.0507812 0.0504451 0.606325
2 0.0875 0.277448 0.075 0.0682493 0.636371
2 0.330859 0.92359 0.142969 0.146884 0.637731
2 0.984375 0.356083 0.03125 0.0563798 0.656954
2 0.374219 0.518546 0.0703125 0.0905045 0.675525
2 0.271484 0.548961 0.0804688 0.142433 0.698819
2 0.377734 0.646884 0.0804688 0.216617 0.765286
5 0.541016 0.671365 0.164844 0.491098 0.826235
2 0.661719 0.275223 0.084375 0.0608309 0.83008
2 0.155859 0.535608 0.0835937 0.136499 0.837095
2 0.371875 0.320475 0.114063 0.074184 0.884412
2 0.223828 0.721068 0.122656 0.189911 0.904916
2 0.0339844 0.244807 0.0507812 0.0504451 0.606325
2 0.0875 0.277448 0.075 0.0682493 0.636371
2 0.330859 0.92359 0.142969 0.146884 0.637731
2 0.984375 0.356083 0.03125 0.0563798 0.656954
2 0.374219 0.518546 0.0703125 0.0905045 0.675525
2 0.271484 0.548961 0.0804688 0.142433 0.698819
2 0.377734 0.646884 0.0804688 0.216617 0.765286
5 0.541016 0.671365 0.164844 0.491098 0.826235
2 0.661719 0.275223 0.084375 0.0608309 0.83008
2 0.155859 0.535608 0.0835937 0.136499 0.837095
2 0.371875 0.320475 0.114063 0.074184 0.884412
2 0.223828 0.721068 0.122656 0.189911 0.904916
