5 0.541406 0.659496 0.178125 0.458457 0.602983
2 0.378516 0.557863 0.0757812 0.124629 0.620858
2 0.125391 0.928783 0.161719 0.139466 0.721452
2 0.223828 0.670623 0.125781 0.219585 0.759148
2 0.128516 0.590504 0.0992187 0.148368 0.794529
2 0.344141 0.916914 0.130469 0.154303 0.796547
2 0.260938 0.54822 0.0875 0.12908 0.799601
2 0.361328 0.695846 0.0992187 0.195846 0.810964
5 0.541406 0.659496 0.178125 0.458457 0.602983
2 0.378516 0.557863 0.0757812 0.124629 0.620858
2 0.125391 0.928783 0.161719 0.139466 0.721452
2 0.223828 0.670623 0.125781 0.219585 0.759148
2 0.128516 0.590504 0.0992187 0.148368 0.794529
2 0.344141 0.916914 0.130469 0.154303 0.796547
2 0.260938 0.54822 0.0875 0.12908 0.799601
2 0.361328 0.695846 0.0992187 0.195846 0.810964
