2 0.504297 0.562315 0.0835937 0.142433 0.63021
2 0.380078 0.554154 0.0726563 0.117211 0.646426
2 0.717188 0.372404 0.096875 0.124629 0.662806
2 0.95 0.347923 0.06875 0.0637982 0.745124
2 0.0996094 0.94362 0.171094 0.10089 0.749013
2 0.580078 0.454006 0.0664062 0.11276 0.766021
2 0.167969 0.278932 0.0796875 0.0563798 0.766316
2 0.545703 0.931751 0.155469 0.136499 0.809062
2 0.261328 0.549703 0.0898438 0.135015 0.830274
2 0.632422 0.357567 0.0898438 0.0860534 0.847875
2 0.132031 0.586053 0.109375 0.151335 0.848279
2 0.5375 0.748516 0.120312 0.218101 0.849121
2 0.207422 0.70178 0.121094 0.189911 0.849694
2 0.368359 0.699555 0.100781 0.188427 0.890742
