2 0.405859 0.181009 0.0210938 0.0385757 0.646201
2 0.498437 0.51632 0.0734375 0.118694 0.743751
2 0.372656 0.515579 0.065625 0.123145 0.753283
2 0.251563 0.562315 0.0921875 0.130564 0.784774
2 0.344531 0.920623 0.140625 0.149852 0.805378
2 0.15625 0.89911 0.173438 0.186944 0.81427
2 0.362109 0.65727 0.0914062 0.178042 0.815174
2 0.525391 0.632789 0.0992187 0.170623 0.82863
2 0.139062 0.558605 0.096875 0.126113 0.859778
2 0.219141 0.698071 0.111719 0.179525 0.870017
2 0.515234 0.320475 0.0929687 0.0682493 0.884296
2 0.0425781 0.847923 0.0835937 0.215134 0.899985
2 0.546094 0.867953 0.135937 0.240356 0.901287
2 0.405859 0.181009 0.0210938 0.0385757 0.646201
2 0.498437 0.51632 0.0734375 0.118694 0.743751
2 0.372656 0.515579 0.065625 0.123145 0.753283
2 0.251563 0.562315 0.0921875 0.130564 0.784774
2 0.344531 0.920623 0.140625 0.149852 0.805378
2 0.15625 0.89911 0.173438 0.186944 0.81427
2 0.362109 0.65727 0.0914062 0.178042 0.815174
2 0.525391 0.632789 0.0992187 0.170623 0.82863
2 0.139062 0.558605 0.096875 0.126113 0.859778
2 0.219141 0.698071 0.111719 0.179525 0.870017
2 0.515234 0.320475 0.0929687 0.0682493 0.884296
2 0.0425781 0.847923 0.0835937 0.215134 0.899985
2 0.546094 0.867953 0.135937 0.240356 0.901287
