2 0.495703 0.501484 0.0773437 0.130564 0.700294
2 0.383984 0.514837 0.0679687 0.124629 0.733482
2 0.105078 0.933234 0.167969 0.124629 0.73506
2 0.26875 0.522997 0.0859375 0.14095 0.817433
2 0.544531 0.929525 0.157813 0.14095 0.817485
2 0.145703 0.548961 0.0960938 0.130564 0.840193
2 0.535547 0.732196 0.117969 0.206231 0.850376
2 0.0542969 0.769288 0.108594 0.212166 0.866166
2 0.218359 0.666914 0.111719 0.188427 0.883676
2 0.369531 0.686202 0.1 0.188427 0.894459
2 0.495703 0.501484 0.0773437 0.130564 0.700294
2 0.383984 0.514837 0.0679687 0.124629 0.733482
2 0.105078 0.933234 0.167969 0.124629 0.73506
2 0.26875 0.522997 0.0859375 0.14095 0.817433
2 0.544531 0.929525 0.157813 0.14095 0.817485
2 0.145703 0.548961 0.0960938 0.130564 0.840193
2 0.535547 0.732196 0.117969 0.206231 0.850376
2 0.0542969 0.769288 0.108594 0.212166 0.866166
2 0.218359 0.666914 0.111719 0.188427 0.883676
2 0.369531 0.686202 0.1 0.188427 0.894459
