2 0.405078 0.192878 0.0242187 0.041543 0.643571
2 0.375 0.519288 0.0703125 0.0890208 0.643943
2 0.271484 0.549703 0.0804688 0.14095 0.6945
2 0.179688 0.270772 0.078125 0.0578635 0.701121
2 0.377344 0.646884 0.0796875 0.216617 0.745281
2 0.15625 0.534866 0.0859375 0.135015 0.83987
5 0.541016 0.672849 0.164844 0.491098 0.86212
2 0.0574219 0.696588 0.114844 0.179525 0.894477
2 0.223828 0.721068 0.122656 0.189911 0.899434
2 0.405078 0.192878 0.0242187 0.041543 0.643571
2 0.375 0.519288 0.0703125 0.0890208 0.643943
2 0.271484 0.549703 0.0804688 0.14095 0.6945
2 0.179688 0.270772 0.078125 0.0578635 0.701121
2 0.377344 0.646884 0.0796875 0.216617 0.745281
2 0.15625 0.534866 0.0859375 0.135015 0.83987
5 0.541016 0.672849 0.164844 0.491098 0.86212
2 0.0574219 0.696588 0.114844 0.179525 0.894477
2 0.223828 0.721068 0.122656 0.189911 0.899434
