2 0.218359 0.211424 0.0289063 0.0430267 0.654041
2 0.107813 0.945846 0.179688 0.0994065 0.683026
2 0.256641 0.571217 0.0960938 0.136499 0.742662
2 0.0164062 0.883531 0.0328125 0.137982 0.796069
2 0.653516 0.298961 0.0898438 0.0578635 0.807985
2 0.214453 0.692137 0.119531 0.179525 0.854305
2 0.500391 0.565282 0.0789063 0.136499 0.862982
2 0.378516 0.607567 0.0851562 0.149852 0.887139
2 0.535547 0.724777 0.105469 0.182493 0.898276
2 0.366406 0.820475 0.114063 0.222552 0.908141
2 0.218359 0.211424 0.0289063 0.0430267 0.654041
2 0.107813 0.945846 0.179688 0.0994065 0.683026
2 0.256641 0.571217 0.0960938 0.136499 0.742662
2 0.0164062 0.883531 0.0328125 0.137982 0.796069
2 0.653516 0.298961 0.0898438 0.0578635 0.807985
2 0.214453 0.692137 0.119531 0.179525 0.854305
2 0.500391 0.565282 0.0789063 0.136499 0.862982
2 0.378516 0.607567 0.0851562 0.149852 0.887139
2 0.535547 0.724777 0.105469 0.182493 0.898276
2 0.366406 0.820475 0.114063 0.222552 0.908141
