2 0.196484 0.353858 0.0539063 0.0756677 0.751339
2 0.256641 0.573442 0.0960938 0.135015 0.754657
2 0.628906 0.406528 0.084375 0.0919881 0.816732
2 0.214062 0.692878 0.11875 0.181009 0.831975
2 0.351953 0.922849 0.133594 0.148368 0.838638
2 0.432031 0.307864 0.08125 0.0667656 0.870753
2 0.376563 0.611276 0.0890625 0.154303 0.892324
2 0.196484 0.353858 0.0539063 0.0756677 0.751339
2 0.256641 0.573442 0.0960938 0.135015 0.754657
2 0.628906 0.406528 0.084375 0.0919881 0.816732
2 0.214062 0.692878 0.11875 0.181009 0.831975
2 0.351953 0.922849 0.133594 0.148368 0.838638
2 0.432031 0.307864 0.08125 0.0667656 0.870753
2 0.376563 0.611276 0.0890625 0.154303 0.892324
