2 0.930469 0.339021 0.0609375 0.0637982 0.604102
5 0.541406 0.658754 0.176563 0.456973 0.60647
2 0.223438 0.671365 0.125 0.218101 0.682016
2 0.128125 0.586053 0.104687 0.145401 0.682249
2 0.384375 0.22997 0.053125 0.0593472 0.719311
2 0.125781 0.928783 0.1625 0.139466 0.723563
2 0.29375 0.330861 0.0984375 0.0830861 0.73538
2 0.378906 0.557863 0.0765625 0.121662 0.758137
2 0.260547 0.54822 0.0898438 0.132047 0.801918
2 0.34375 0.916914 0.13125 0.154303 0.83014
2 0.360938 0.695104 0.0984375 0.194362 0.850599
2 0.584766 0.31454 0.103906 0.0652819 0.868128
2 0.930469 0.339021 0.0609375 0.0637982 0.604102
5 0.541406 0.658754 0.176563 0.456973 0.60647
2 0.223438 0.671365 0.125 0.218101 0.682016
2 0.128125 0.586053 0.104687 0.145401 0.682249
2 0.384375 0.22997 0.053125 0.0593472 0.719311
2 0.125781 0.928783 0.1625 0.139466 0.723563
2 0.29375 0.330861 0.0984375 0.0830861 0.73538
2 0.378906 0.557863 0.0765625 0.121662 0.758137
2 0.260547 0.54822 0.0898438 0.132047 0.801918
2 0.34375 0.916914 0.13125 0.154303 0.83014
2 0.360938 0.695104 0.0984375 0.194362 0.850599
2 0.584766 0.31454 0.103906 0.0652819 0.868128
