2 0.942969 0.338279 0.08125 0.0682493 0.60858
2 0.143359 0.220326 0.0304688 0.0400593 0.648883
2 0.396094 0.204748 0.0234375 0.0356083 0.664881
2 0.972656 0.371662 0.0546875 0.0756677 0.685856
2 0.229297 0.197329 0.0289063 0.0563798 0.722767
2 0.243359 0.597923 0.0976562 0.151335 0.876333
2 0.942969 0.338279 0.08125 0.0682493 0.60858
2 0.143359 0.220326 0.0304688 0.0400593 0.648883
2 0.396094 0.204748 0.0234375 0.0356083 0.664881
2 0.972656 0.371662 0.0546875 0.0756677 0.685856
2 0.229297 0.197329 0.0289063 0.0563798 0.722767
2 0.243359 0.597923 0.0976562 0.151335 0.876333
