2 0.119922 0.563056 0.103906 0.126113 0.690838
2 0.0128906 0.928042 0.0257812 0.12908 0.73994
2 0.374609 0.5727 0.0820312 0.169139 0.761486
2 0.555859 0.936202 0.142969 0.127596 0.848621
2 0.517578 0.652819 0.111719 0.278932 0.855425
2 0.566797 0.313056 0.0960938 0.0682493 0.863154
2 0.0625 0.699555 0.125 0.170623 0.875436
2 0.358203 0.772255 0.114844 0.218101 0.885707
2 0.242578 0.591246 0.0898438 0.143917 0.89821
2 0.161328 0.853858 0.155469 0.22997 0.92016
2 0.119922 0.563056 0.103906 0.126113 0.690838
2 0.0128906 0.928042 0.0257812 0.12908 0.73994
2 0.374609 0.5727 0.0820312 0.169139 0.761486
2 0.555859 0.936202 0.142969 0.127596 0.848621
2 0.517578 0.652819 0.111719 0.278932 0.855425
2 0.566797 0.313056 0.0960938 0.0682493 0.863154
2 0.0625 0.699555 0.125 0.170623 0.875436
2 0.358203 0.772255 0.114844 0.218101 0.885707
2 0.242578 0.591246 0.0898438 0.143917 0.89821
2 0.161328 0.853858 0.155469 0.22997 0.92016
