2 0.380469 0.55638 0.071875 0.118694 0.603207
2 0.504297 0.562315 0.0835937 0.148368 0.612581
2 0.701563 0.321958 0.090625 0.0682493 0.730909
2 0.1 0.940653 0.171875 0.103858 0.790092
2 0.545703 0.931751 0.155469 0.136499 0.793879
2 0.261719 0.549703 0.0890625 0.135015 0.854761
2 0.5375 0.747033 0.121875 0.218101 0.856449
2 0.207813 0.702522 0.123438 0.194362 0.870259
2 0.0527344 0.773739 0.103906 0.212166 0.885377
2 0.135547 0.573442 0.100781 0.14095 0.8868
2 0.36875 0.699555 0.101562 0.188427 0.888197
2 0.380469 0.55638 0.071875 0.118694 0.603207
2 0.504297 0.562315 0.0835937 0.148368 0.612581
2 0.701563 0.321958 0.090625 0.0682493 0.730909
2 0.1 0.940653 0.171875 0.103858 0.790092
2 0.545703 0.931751 0.155469 0.136499 0.793879
2 0.261719 0.549703 0.0890625 0.135015 0.854761
2 0.5375 0.747033 0.121875 0.218101 0.856449
2 0.207813 0.702522 0.123438 0.194362 0.870259
2 0.0527344 0.773739 0.103906 0.212166 0.885377
2 0.135547 0.573442 0.100781 0.14095 0.8868
2 0.36875 0.699555 0.101562 0.188427 0.888197
