2 0.446484 0.255193 0.0304688 0.0445104 0.627119
2 0.148047 0.546736 0.0898438 0.152819 0.705043
2 0.392578 0.282641 0.0367187 0.0519288 0.716221
2 0.329688 0.290801 0.0390625 0.0623145 0.73217
2 0.457812 0.333828 0.0453125 0.074184 0.777229
2 0.144141 0.899852 0.178906 0.18546 0.782175
2 0.376563 0.462166 0.0625 0.114243 0.797312
2 0.372656 0.343472 0.0421875 0.0727003 0.803254
2 0.271484 0.513353 0.0898438 0.145401 0.848581
2 0.482812 0.446588 0.0640625 0.130564 0.872755
2 0.0441406 0.851632 0.0867188 0.228487 0.879217
2 0.362891 0.749258 0.100781 0.183976 0.899617
2 0.446484 0.255193 0.0304688 0.0445104 0.627119
2 0.148047 0.546736 0.0898438 0.152819 0.705043
2 0.392578 0.282641 0.0367187 0.0519288 0.716221
2 0.329688 0.290801 0.0390625 0.0623145 0.73217
2 0.457812 0.333828 0.0453125 0.074184 0.777229
2 0.144141 0.899852 0.178906 0.18546 0.782175
2 0.376563 0.462166 0.0625 0.114243 0.797312
2 0.372656 0.343472 0.0421875 0.0727003 0.803254
2 0.271484 0.513353 0.0898438 0.145401 0.848581
2 0.482812 0.446588 0.0640625 0.130564 0.872755
2 0.0441406 0.851632 0.0867188 0.228487 0.879217
2 0.362891 0.749258 0.100781 0.183976 0.899617
