2 0.491406 0.478487 0.0703125 0.12908 0.657993
2 0.566016 0.860534 0.130469 0.252226 0.712115
2 0.363672 0.954748 0.141406 0.0845697 0.787864
2 0.385547 0.338279 0.0476562 0.0830861 0.800878
2 0.178516 0.49184 0.0898438 0.137982 0.808742
2 0.383594 0.573442 0.0734375 0.137982 0.825293
2 0.298828 0.414688 0.0632813 0.105341 0.831496
2 0.235547 0.674332 0.113281 0.176558 0.897953
2 0.491406 0.478487 0.0703125 0.12908 0.657993
2 0.566016 0.860534 0.130469 0.252226 0.712115
2 0.363672 0.954748 0.141406 0.0845697 0.787864
2 0.385547 0.338279 0.0476562 0.0830861 0.800878
2 0.178516 0.49184 0.0898438 0.137982 0.808742
2 0.383594 0.573442 0.0734375 0.137982 0.825293
2 0.298828 0.414688 0.0632813 0.105341 0.831496
2 0.235547 0.674332 0.113281 0.176558 0.897953
