2 0.261328 0.591988 0.0914062 0.145401 0.604638
2 0.270312 0.161721 0.0171875 0.0237389 0.605347
2 0.216406 0.220326 0.0296875 0.0400593 0.619063
2 0.494141 0.550445 0.0804688 0.136499 0.844642
2 0.374219 0.541543 0.075 0.127596 0.845568
2 0.613281 0.423591 0.0765625 0.0905045 0.852991
2 0.261328 0.591988 0.0914062 0.145401 0.604638
2 0.270312 0.161721 0.0171875 0.0237389 0.605347
2 0.216406 0.220326 0.0296875 0.0400593 0.619063
2 0.494141 0.550445 0.0804688 0.136499 0.844642
2 0.374219 0.541543 0.075 0.127596 0.845568
2 0.613281 0.423591 0.0765625 0.0905045 0.852991
