2 0.378125 0.274481 0.06875 0.0534125 0.666076
2 0.646875 0.288576 0.0875 0.0548961 0.683592
2 0.372266 0.515579 0.0632813 0.117211 0.746008
2 0.496875 0.517062 0.071875 0.123145 0.753087
2 0.158984 0.897626 0.167969 0.186944 0.757203
2 0.251953 0.563798 0.0914062 0.133531 0.792246
2 0.3625 0.660237 0.0921875 0.183976 0.820486
2 0.525781 0.632789 0.0984375 0.167656 0.821706
2 0.339844 0.95549 0.140625 0.0801187 0.822811
2 0.559766 0.340504 0.107031 0.0727003 0.852385
2 0.336328 0.329377 0.103906 0.0682493 0.853658
2 0.139062 0.557863 0.096875 0.127596 0.870283
2 0.219141 0.698813 0.111719 0.181009 0.877336
2 0.546094 0.867953 0.135937 0.240356 0.894837
