2 0.229687 0.330119 0.0421875 0.0578635 0.605096
2 0.221484 0.597181 0.144531 0.259644 0.627456
2 0.218359 0.394659 0.0585938 0.0830861 0.643146
2 0.938281 0.341988 0.0640625 0.0608309 0.64395
2 0.0554687 0.376113 0.0734375 0.0964392 0.741514
2 0.345313 0.933234 0.134375 0.130564 0.750327
2 0.454297 0.228487 0.0320312 0.0474777 0.75866
2 0.194141 0.462908 0.0742188 0.109792 0.787353
2 0.372266 0.487389 0.0601562 0.0994065 0.809831
5 0.49375 0.411721 0.10625 0.265579 0.91406
2 0.229687 0.330119 0.0421875 0.0578635 0.605096
2 0.221484 0.597181 0.144531 0.259644 0.627456
2 0.218359 0.394659 0.0585938 0.0830861 0.643146
2 0.938281 0.341988 0.0640625 0.0608309 0.64395
2 0.0554687 0.376113 0.0734375 0.0964392 0.741514
2 0.345313 0.933234 0.134375 0.130564 0.750327
2 0.454297 0.228487 0.0320312 0.0474777 0.75866
2 0.194141 0.462908 0.0742188 0.109792 0.787353
2 0.372266 0.487389 0.0601562 0.0994065 0.809831
5 0.49375 0.411721 0.10625 0.265579 0.91406
