2 0.110937 0.946588 0.171875 0.103858 0.636332
2 0.951172 0.364243 0.0882813 0.078635 0.69975
2 0.257422 0.5727 0.0945313 0.133531 0.748663
2 0.570312 0.328635 0.096875 0.0637982 0.802882
2 0.131641 0.585312 0.105469 0.155786 0.843263
2 0.5 0.563798 0.0796875 0.136499 0.847209
2 0.214844 0.690653 0.117188 0.182493 0.867234
2 0.378125 0.606825 0.0859375 0.151335 0.883318
2 0.535547 0.725519 0.105469 0.183976 0.89418
2 0.366406 0.819733 0.114063 0.221068 0.902613
2 0.110937 0.946588 0.171875 0.103858 0.636332
2 0.951172 0.364243 0.0882813 0.078635 0.69975
2 0.257422 0.5727 0.0945313 0.133531 0.748663
2 0.570312 0.328635 0.096875 0.0637982 0.802882
2 0.131641 0.585312 0.105469 0.155786 0.843263
2 0.5 0.563798 0.0796875 0.136499 0.847209
2 0.214844 0.690653 0.117188 0.182493 0.867234
2 0.378125 0.606825 0.0859375 0.151335 0.883318
2 0.535547 0.725519 0.105469 0.183976 0.89418
2 0.366406 0.819733 0.114063 0.221068 0.902613
