2 0.374219 0.52003 0.0703125 0.0905045 0.612396
2 0.0109375 0.867953 0.021875 0.118694 0.630164
2 0.330859 0.922849 0.142969 0.148368 0.632429
2 0.325781 0.239614 0.053125 0.0548961 0.638702
2 0.271484 0.549703 0.0804688 0.137982 0.693712
2 0.377344 0.643917 0.0796875 0.219585 0.756758
5 0.540234 0.671365 0.164844 0.488131 0.784297
2 0.155859 0.53635 0.0835937 0.135015 0.855135
2 0.655859 0.317507 0.0929687 0.0652819 0.859089
2 0.224219 0.721068 0.123438 0.192878 0.902518
2 0.374219 0.52003 0.0703125 0.0905045 0.612396
2 0.0109375 0.867953 0.021875 0.118694 0.630164
2 0.330859 0.922849 0.142969 0.148368 0.632429
2 0.325781 0.239614 0.053125 0.0548961 0.638702
2 0.271484 0.549703 0.0804688 0.137982 0.693712
2 0.377344 0.643917 0.0796875 0.219585 0.756758
5 0.540234 0.671365 0.164844 0.488131 0.784297
2 0.155859 0.53635 0.0835937 0.135015 0.855135
2 0.655859 0.317507 0.0929687 0.0652819 0.859089
2 0.224219 0.721068 0.123438 0.192878 0.902518
