2 0.707812 0.340504 0.107813 0.078635 0.665714
2 0.111328 0.944362 0.172656 0.105341 0.698177
2 0.582031 0.968101 0.1375 0.0548961 0.705815
2 0.257422 0.571958 0.0945313 0.137982 0.727459
2 0.508203 0.318991 0.103906 0.0801187 0.813536
2 0.0515625 0.77819 0.101562 0.218101 0.821637
2 0.131641 0.581602 0.103906 0.154303 0.828858
2 0.620313 0.422849 0.0890625 0.106825 0.838372
2 0.214453 0.692137 0.117969 0.182493 0.84703
7 0.677734 0.608309 0.133594 0.299703 0.872945
2 0.5 0.56454 0.0796875 0.135015 0.873573
2 0.377734 0.606825 0.0851562 0.151335 0.884192
2 0.366016 0.820475 0.114844 0.222552 0.902644
2 0.535547 0.724036 0.105469 0.181009 0.907127
