2 0.7 0.338279 0.123438 0.0771513 0.652566
2 0.498047 0.514095 0.0710938 0.120178 0.743351
2 0.373047 0.514095 0.0648438 0.117211 0.785534
2 0.340625 0.954006 0.139062 0.0801187 0.791614
2 0.216797 0.316766 0.0726563 0.0756677 0.794819
2 0.251563 0.563056 0.0921875 0.132047 0.801496
2 0.3625 0.660237 0.0921875 0.181009 0.810128
2 0.155078 0.898368 0.175781 0.188427 0.818006
2 0.525781 0.632047 0.0984375 0.172107 0.822599
5 0.349219 0.307864 0.198437 0.158754 0.867738
2 0.138672 0.558605 0.0960938 0.126113 0.870073
2 0.219531 0.697329 0.110937 0.181009 0.881629
2 0.0425781 0.847923 0.0835937 0.215134 0.894529
2 0.546094 0.867211 0.135937 0.238872 0.895229
2 0.544141 0.339021 0.113281 0.0727003 0.91975
