2 0.448828 0.278932 0.0367187 0.0504451 0.609841
2 0.197656 0.715134 0.146875 0.290801 0.623576
2 0.222266 0.380564 0.0648438 0.0964392 0.662669
2 0.590234 0.274481 0.0742188 0.0504451 0.69444
2 0.390234 0.390208 0.0476562 0.0860534 0.696271
2 0.380078 0.497033 0.0585938 0.151335 0.713325
2 0.383203 0.272255 0.0351562 0.0519288 0.755559
2 0.179297 0.484421 0.0851562 0.114243 0.791956
5 0.608594 0.79451 0.260938 0.384273 0.798203
2 0.317578 0.327151 0.0492188 0.0845697 0.801258
2 0.0730469 0.700297 0.130469 0.175074 0.804575
2 0.283984 0.496291 0.0757812 0.12908 0.81244
2 0.488281 0.469585 0.06875 0.108309 0.846853
2 0.352734 0.87908 0.136719 0.212166 0.887877
