2 0.983203 0.341246 0.0335938 0.0860534 0.620814
2 0.378516 0.558605 0.0757812 0.123145 0.622135
5 0.541016 0.65727 0.177344 0.462908 0.645253
2 0.9375 0.34273 0.065625 0.0623145 0.664455
2 0.0683594 0.234421 0.0445312 0.0504451 0.702242
2 0.607031 0.444362 0.0671875 0.123145 0.72161
2 0.125781 0.928783 0.1625 0.139466 0.731108
2 0.261328 0.548961 0.0882813 0.133531 0.811619
2 0.361328 0.696588 0.0976562 0.194362 0.817252
2 0.223828 0.670623 0.124219 0.219585 0.827371
2 0.342578 0.916914 0.132031 0.151335 0.831585
