2 0.0515625 0.715875 0.103125 0.197329 0.636163
2 0.377734 0.550445 0.0742188 0.11276 0.714627
2 0.128125 0.58457 0.103125 0.136499 0.790602
2 0.223438 0.670623 0.123438 0.219585 0.81225
2 0.124609 0.928783 0.164844 0.139466 0.823389
2 0.361719 0.695104 0.1 0.203264 0.824223
2 0.343359 0.916914 0.132031 0.151335 0.82777
2 0.261328 0.548961 0.0882813 0.130564 0.829045
2 0.0515625 0.715875 0.103125 0.197329 0.636163
2 0.377734 0.550445 0.0742188 0.11276 0.714627
2 0.128125 0.58457 0.103125 0.136499 0.790602
2 0.223438 0.670623 0.123438 0.219585 0.81225
2 0.124609 0.928783 0.164844 0.139466 0.823389
2 0.361719 0.695104 0.1 0.203264 0.824223
2 0.343359 0.916914 0.132031 0.151335 0.82777
2 0.261328 0.548961 0.0882813 0.130564 0.829045
