2 0.341016 0.970326 0.146094 0.0563798 0.700485
2 0.120312 0.56454 0.10625 0.12908 0.727355
2 0.0128906 0.926558 0.0257812 0.12908 0.739806
2 0.375 0.5727 0.0828125 0.166172 0.764208
2 0.55625 0.936202 0.142188 0.127596 0.84761
2 0.517187 0.652819 0.110937 0.278932 0.851215
2 0.0625 0.700297 0.125 0.172107 0.879518
2 0.358594 0.76632 0.114063 0.215134 0.882385
2 0.242578 0.591246 0.0898438 0.143917 0.895993
2 0.161328 0.853858 0.155469 0.22997 0.921732
2 0.341016 0.970326 0.146094 0.0563798 0.700485
2 0.120312 0.56454 0.10625 0.12908 0.727355
2 0.0128906 0.926558 0.0257812 0.12908 0.739806
2 0.375 0.5727 0.0828125 0.166172 0.764208
2 0.55625 0.936202 0.142188 0.127596 0.84761
2 0.517187 0.652819 0.110937 0.278932 0.851215
2 0.0625 0.700297 0.125 0.172107 0.879518
2 0.358594 0.76632 0.114063 0.215134 0.882385
2 0.242578 0.591246 0.0898438 0.143917 0.895993
2 0.161328 0.853858 0.155469 0.22997 0.921732
