2 0.380078 0.554154 0.0726563 0.117211 0.643643
2 0.504297 0.560831 0.0835937 0.148368 0.656721
2 0.936328 0.343472 0.0617188 0.0637982 0.70346
2 0.1 0.942137 0.171875 0.103858 0.785856
2 0.545703 0.931751 0.155469 0.136499 0.805639
2 0.261328 0.550445 0.0898438 0.133531 0.854325
2 0.536719 0.747774 0.121875 0.219585 0.858449
2 0.207422 0.703264 0.122656 0.192878 0.884342
2 0.135937 0.573442 0.1 0.14095 0.885511
2 0.0527344 0.773739 0.103906 0.212166 0.888535
2 0.36875 0.700297 0.101562 0.186944 0.888643
2 0.380078 0.554154 0.0726563 0.117211 0.643643
2 0.504297 0.560831 0.0835937 0.148368 0.656721
2 0.936328 0.343472 0.0617188 0.0637982 0.70346
2 0.1 0.942137 0.171875 0.103858 0.785856
2 0.545703 0.931751 0.155469 0.136499 0.805639
2 0.261328 0.550445 0.0898438 0.133531 0.854325
2 0.536719 0.747774 0.121875 0.219585 0.858449
2 0.207422 0.703264 0.122656 0.192878 0.884342
2 0.135937 0.573442 0.1 0.14095 0.885511
2 0.0527344 0.773739 0.103906 0.212166 0.888535
2 0.36875 0.700297 0.101562 0.186944 0.888643
