5 0.539062 0.670623 0.165625 0.492582 0.612167
2 0.374219 0.535608 0.075 0.118694 0.755504
2 0.375781 0.663205 0.0796875 0.204748 0.795089
2 0.311328 0.292285 0.0617188 0.0593472 0.85052
2 0.260938 0.594214 0.090625 0.146884 0.866368
2 0.205859 0.781157 0.138281 0.221068 0.904549
5 0.539062 0.670623 0.165625 0.492582 0.612167
2 0.374219 0.535608 0.075 0.118694 0.755504
2 0.375781 0.663205 0.0796875 0.204748 0.795089
2 0.311328 0.292285 0.0617188 0.0593472 0.85052
2 0.260938 0.594214 0.090625 0.146884 0.866368
2 0.205859 0.781157 0.138281 0.221068 0.904549
