7 0.587109 0.925816 0.149219 0.148368 0.609469
2 0.940625 0.338279 0.0734375 0.0682493 0.628916
7 0.492969 0.502967 0.084375 0.186944 0.682225
2 0.371875 0.569733 0.0828125 0.181009 0.713264
2 0.527344 0.692137 0.1125 0.200297 0.798389
2 0.499609 0.281899 0.0851562 0.0534125 0.831799
2 0.145703 0.549703 0.102344 0.164688 0.832565
2 0.242578 0.595697 0.0976562 0.149852 0.852051
2 0.620703 0.330861 0.117969 0.074184 0.885012
2 0.366797 0.775964 0.108594 0.189911 0.891652
2 0.181641 0.849407 0.153906 0.22997 0.908167
