2 0.223047 0.332344 0.0460938 0.0830861 0.602106
2 0.223047 0.212166 0.0273438 0.041543 0.670043
2 0.223828 0.413947 0.0617188 0.0890208 0.709974
2 0.167969 0.481454 0.0796875 0.105341 0.824824
2 0.119141 0.595697 0.108594 0.149852 0.882879
2 0.362891 0.307864 0.0835937 0.0667656 0.88414
2 0.223047 0.332344 0.0460938 0.0830861 0.602106
2 0.223047 0.212166 0.0273438 0.041543 0.670043
2 0.223828 0.413947 0.0617188 0.0890208 0.709974
2 0.167969 0.481454 0.0796875 0.105341 0.824824
2 0.119141 0.595697 0.108594 0.149852 0.882879
2 0.362891 0.307864 0.0835937 0.0667656 0.88414
