2 0.274219 0.270772 0.0546875 0.0697329 0.628764
2 0.0289063 0.275223 0.0359375 0.0489614 0.644054
2 0.969141 0.321217 0.0617188 0.0489614 0.662241
2 0.172656 0.223294 0.0296875 0.037092 0.684429
2 0.215625 0.344214 0.0484375 0.0682493 0.806449
2 0.535547 0.850148 0.128906 0.234421 0.874485
2 0.512891 0.321217 0.100781 0.0697329 0.894921
2 0.274219 0.270772 0.0546875 0.0697329 0.628764
2 0.0289063 0.275223 0.0359375 0.0489614 0.644054
2 0.969141 0.321217 0.0617188 0.0489614 0.662241
2 0.172656 0.223294 0.0296875 0.037092 0.684429
2 0.215625 0.344214 0.0484375 0.0682493 0.806449
2 0.535547 0.850148 0.128906 0.234421 0.874485
2 0.512891 0.321217 0.100781 0.0697329 0.894921
