2 0.498047 0.517804 0.0710938 0.118694 0.686797
2 0.373047 0.514095 0.0664062 0.120178 0.754357
2 0.344531 0.921365 0.140625 0.148368 0.793192
2 0.3625 0.65727 0.0921875 0.181009 0.802867
2 0.525391 0.633531 0.0992187 0.169139 0.813791
2 0.15625 0.898368 0.175 0.188427 0.814317
2 0.251172 0.563056 0.0929687 0.135015 0.816419
2 0.219141 0.698071 0.111719 0.179525 0.875395
2 0.139062 0.557863 0.096875 0.127596 0.875591
2 0.611328 0.304154 0.114844 0.0919881 0.876904
2 0.546094 0.867211 0.135937 0.238872 0.890522
2 0.0425781 0.847923 0.0835937 0.215134 0.903369
