2 0.367188 0.978487 0.121875 0.0430267 0.609488
2 0.641797 0.284125 0.0835937 0.0578635 0.661877
2 0.607031 0.517062 0.0890625 0.14095 0.682207
2 0.169531 0.283383 0.078125 0.0534125 0.699212
2 0.0691406 0.321217 0.0835937 0.0756677 0.704419
7 0.492969 0.502226 0.084375 0.188427 0.714879
2 0.371875 0.570475 0.0828125 0.173591 0.73091
2 0.526953 0.690653 0.113281 0.203264 0.743822
2 0.242969 0.597923 0.101562 0.151335 0.821233
2 0.295312 0.318249 0.0890625 0.0727003 0.821841
2 0.133594 0.57641 0.110937 0.188427 0.836242
2 0.367188 0.775964 0.107813 0.192878 0.88685
2 0.181641 0.849407 0.152344 0.232938 0.904138
2 0.367188 0.978487 0.121875 0.0430267 0.609488
2 0.641797 0.284125 0.0835937 0.0578635 0.661877
2 0.607031 0.517062 0.0890625 0.14095 0.682207
2 0.169531 0.283383 0.078125 0.0534125 0.699212
2 0.0691406 0.321217 0.0835937 0.0756677 0.704419
7 0.492969 0.502226 0.084375 0.188427 0.714879
2 0.371875 0.570475 0.0828125 0.173591 0.73091
2 0.526953 0.690653 0.113281 0.203264 0.743822
2 0.242969 0.597923 0.101562 0.151335 0.821233
2 0.295312 0.318249 0.0890625 0.0727003 0.821841
2 0.133594 0.57641 0.110937 0.188427 0.836242
2 0.367188 0.775964 0.107813 0.192878 0.88685
2 0.181641 0.849407 0.152344 0.232938 0.904138
