2 0.21875 0.37092 0.0578125 0.0979228 0.702383
2 0.394922 0.267804 0.0320312 0.0519288 0.735684
2 0.385156 0.356083 0.046875 0.0919881 0.790072
2 0.333203 0.307122 0.0382813 0.0652819 0.807924
5 0.483203 0.313798 0.0679687 0.170623 0.823366
2 0.360156 0.609792 0.08125 0.142433 0.868204
2 0.21875 0.37092 0.0578125 0.0979228 0.702383
2 0.394922 0.267804 0.0320312 0.0519288 0.735684
2 0.385156 0.356083 0.046875 0.0919881 0.790072
2 0.333203 0.307122 0.0382813 0.0652819 0.807924
5 0.483203 0.313798 0.0679687 0.170623 0.823366
2 0.360156 0.609792 0.08125 0.142433 0.868204
