7 0.321484 0.299703 0.0492188 0.109792 0.600809
2 0.452734 0.265579 0.0351562 0.0563798 0.618056
2 0.321484 0.40727 0.0585938 0.0934718 0.684075
2 0.950391 0.350148 0.0679687 0.0652819 0.732474
7 0.385547 0.460682 0.0835937 0.18546 0.781353
2 0.546094 0.738131 0.114063 0.232938 0.822359
2 0.160156 0.503709 0.0859375 0.117211 0.848332
2 0.492969 0.460682 0.0640625 0.117211 0.853638
2 0.355859 0.851632 0.127344 0.249258 0.892398
2 0.204688 0.722552 0.120312 0.175074 0.894719
7 0.321484 0.299703 0.0492188 0.109792 0.600809
2 0.452734 0.265579 0.0351562 0.0563798 0.618056
2 0.321484 0.40727 0.0585938 0.0934718 0.684075
2 0.950391 0.350148 0.0679687 0.0652819 0.732474
7 0.385547 0.460682 0.0835937 0.18546 0.781353
2 0.546094 0.738131 0.114063 0.232938 0.822359
2 0.160156 0.503709 0.0859375 0.117211 0.848332
2 0.492969 0.460682 0.0640625 0.117211 0.853638
2 0.355859 0.851632 0.127344 0.249258 0.892398
2 0.204688 0.722552 0.120312 0.175074 0.894719
