2 0.938281 0.3227 0.0625 0.0459941 0.60597
2 0.381641 0.472552 0.0664062 0.123145 0.6868
2 0.121875 0.566024 0.109375 0.137982 0.708783
2 0.0128906 0.9273 0.0257812 0.130564 0.758178
2 0.214453 0.694362 0.122656 0.192878 0.767153
2 0.284766 0.458457 0.0664062 0.118694 0.821607
2 0.344531 0.934718 0.146875 0.130564 0.827711
2 0.361328 0.734421 0.107031 0.20178 0.863426
2 0.0625 0.698071 0.125 0.170623 0.877196
2 0.551953 0.909496 0.144531 0.181009 0.903064
2 0.938281 0.3227 0.0625 0.0459941 0.60597
2 0.381641 0.472552 0.0664062 0.123145 0.6868
2 0.121875 0.566024 0.109375 0.137982 0.708783
2 0.0128906 0.9273 0.0257812 0.130564 0.758178
2 0.214453 0.694362 0.122656 0.192878 0.767153
2 0.284766 0.458457 0.0664062 0.118694 0.821607
2 0.344531 0.934718 0.146875 0.130564 0.827711
2 0.361328 0.734421 0.107031 0.20178 0.863426
2 0.0625 0.698071 0.125 0.170623 0.877196
2 0.551953 0.909496 0.144531 0.181009 0.903064
