2 0.153125 0.216617 0.025 0.0296736 0.262149
2 0.0332031 0.277448 0.0507812 0.0563798 0.367801
2 0.127344 0.228487 0.0328125 0.0385757 0.387535
2 0.385938 0.164688 0.0171875 0.0267062 0.394646
2 0.220313 0.210682 0.028125 0.0356083 0.415453
2 0.179688 0.218101 0.028125 0.0356083 0.460081
2 0.271094 0.246291 0.0578125 0.041543 0.472047
2 0.298828 0.934718 0.171094 0.121662 0.573325
2 0.380469 0.55638 0.071875 0.118694 0.603207
2 0.504297 0.562315 0.0835937 0.148368 0.612581
2 0.701563 0.321958 0.090625 0.0682493 0.730909
2 0.1 0.940653 0.171875 0.103858 0.790092
2 0.545703 0.931751 0.155469 0.136499 0.793879
2 0.261719 0.549703 0.0890625 0.135015 0.854761
2 0.5375 0.747033 0.121875 0.218101 0.856449
2 0.207813 0.702522 0.123438 0.194362 0.870259
2 0.0527344 0.773739 0.103906 0.212166 0.885377
2 0.135547 0.573442 0.100781 0.14095 0.8868
2 0.36875 0.699555 0.101562 0.188427 0.888197
