2 0.235547 0.143175 0.0226563 0.0430267 0.252753
2 0.501562 0.312315 0.0640625 0.078635 0.269051
2 0.214062 0.1773 0.025 0.0341246 0.290494
2 0.0894531 0.230712 0.0382813 0.0400593 0.309896
2 0.404297 0.195104 0.0242187 0.0400593 0.340285
2 0.931641 0.318991 0.0507812 0.0296736 0.383515
2 0.105859 0.311573 0.0601562 0.0652819 0.442264
2 0.215625 0.220326 0.0296875 0.0400593 0.487121
2 0.476953 0.304154 0.0929687 0.0830861 0.675129
2 0.233984 0.672849 0.113281 0.191395 0.78011
2 0.298828 0.28635 0.0554687 0.0593472 0.81367
2 0.196094 0.468101 0.071875 0.123145 0.854891
2 0.366016 0.653561 0.0929687 0.182493 0.889053
