7 0.217187 0.153561 0.028125 0.0489614 0.262095
2 0.242188 0.287834 0.0359375 0.0771513 0.282245
7 0.415625 0.135757 0.0234375 0.0548961 0.398712
2 0.982813 0.34273 0.034375 0.0771513 0.51895
2 0.397266 0.183976 0.0210938 0.0356083 0.557439
2 0.249609 0.260386 0.0367187 0.0578635 0.559683
2 0.356641 0.178042 0.0242187 0.0504451 0.563005
2 0.938672 0.340504 0.0632813 0.0578635 0.629063
2 0.229297 0.330861 0.0414063 0.0593472 0.673413
2 0.218359 0.394659 0.0585938 0.0801187 0.681358
2 0.402344 0.36276 0.05 0.0934718 0.729825
2 0.196094 0.465875 0.0796875 0.115727 0.829117
2 0.0785156 0.701039 0.132031 0.182493 0.874442
