2 0.225 0.204006 0.0375 0.0548961 0.250895
2 0.267188 0.166172 0.0234375 0.0267062 0.253733
2 0.230859 0.18546 0.0273438 0.0474777 0.32038
2 0.218359 0.218101 0.0289063 0.0356083 0.423399
2 0.266016 0.20549 0.0289063 0.037092 0.485899
2 0.177734 0.220326 0.0335938 0.0400593 0.488774
2 0.138672 0.223294 0.0273438 0.037092 0.554794
2 0.703516 0.346439 0.125781 0.0875371 0.61436
7 0.605859 0.392433 0.0726563 0.161721 0.679556
2 0.111328 0.944362 0.172656 0.105341 0.722104
2 0.257422 0.571958 0.0960938 0.135015 0.734408
2 0.586328 0.958457 0.144531 0.074184 0.739568
2 0.0515625 0.77819 0.101562 0.218101 0.831722
2 0.214453 0.692137 0.117969 0.182493 0.842576
2 0.131641 0.581602 0.103906 0.154303 0.84625
2 0.500391 0.565282 0.0789063 0.136499 0.867943
2 0.378516 0.606083 0.0851562 0.149852 0.889426
2 0.536328 0.726261 0.107031 0.182493 0.89863
2 0.366406 0.819733 0.114063 0.221068 0.903357
2 0.647266 0.627596 0.105469 0.172107 0.91159
