2 0.10625 0.22181 0.028125 0.0430267 0.32434
2 0.0792969 0.235163 0.0414063 0.0430267 0.343681
2 0.141406 0.226261 0.034375 0.0430267 0.35698
2 0.229297 0.196588 0.0304688 0.0489614 0.37116
2 0.940625 0.340504 0.0703125 0.0697329 0.490081
2 0.366797 0.979228 0.121094 0.041543 0.580251
7 0.585547 0.925074 0.149219 0.149852 0.632793
2 0.371875 0.570475 0.0828125 0.173591 0.670147
2 0.0386719 0.31454 0.0554687 0.0712166 0.670433
7 0.491016 0.502226 0.0898438 0.182493 0.708447
2 0.226953 0.284866 0.0851562 0.0504451 0.716552
2 0.527344 0.692878 0.114063 0.20178 0.744007
2 0.145703 0.549703 0.103906 0.164688 0.799928
2 0.242969 0.597181 0.0984375 0.149852 0.832489
2 0.529297 0.281157 0.0851562 0.0578635 0.833104
2 0.367188 0.775964 0.109375 0.189911 0.889026
2 0.739453 0.854599 0.167969 0.252226 0.899047
2 0.182031 0.850148 0.154687 0.231454 0.907406
