2 0.137891 0.222552 0.0367187 0.041543 0.280423
2 0.494141 0.504451 0.0539063 0.0593472 0.29597
2 0.933984 0.336053 0.0632813 0.0519288 0.304948
2 0.257422 0.21365 0.0242187 0.0326409 0.383046
2 0.280078 0.192878 0.0226563 0.0296736 0.392196
2 0.0421875 0.356825 0.05 0.0608309 0.437525
2 0.171094 0.224036 0.0296875 0.0385757 0.471476
2 0.216406 0.208457 0.0265625 0.0459941 0.476522
2 0.337891 0.976261 0.141406 0.0474777 0.491139
2 0.120703 0.563798 0.107031 0.130564 0.698
2 0.0128906 0.9273 0.0257812 0.130564 0.73408
2 0.374609 0.5727 0.0820312 0.166172 0.747647
2 0.517578 0.652819 0.110156 0.278932 0.80648
2 0.180078 0.378338 0.103906 0.0890208 0.836572
2 0.55625 0.936202 0.142188 0.127596 0.840263
2 0.0632813 0.699555 0.126563 0.170623 0.876182
2 0.358203 0.767804 0.113281 0.215134 0.884427
2 0.242578 0.591246 0.0898438 0.143917 0.892007
2 0.160938 0.853858 0.154687 0.22997 0.918445
