2 0.259766 0.212908 0.0257812 0.0311573 0.255733
2 0.0316406 0.249258 0.0460938 0.0534125 0.359268
2 0.179297 0.217359 0.0273438 0.037092 0.388624
2 0.127734 0.227745 0.0304688 0.0400593 0.40828
2 0.221094 0.215134 0.028125 0.0326409 0.422945
2 0.871094 0.373145 0.126563 0.114243 0.515172
2 0.299609 0.93546 0.172656 0.123145 0.580235
2 0.380078 0.553412 0.0726563 0.118694 0.68632
2 0.504687 0.563056 0.084375 0.14095 0.717856
2 0.949219 0.348665 0.06875 0.0652819 0.761385
2 0.1 0.941395 0.171875 0.102374 0.780675
2 0.545703 0.931751 0.155469 0.136499 0.799126
2 0.527344 0.253709 0.065625 0.0563798 0.800805
2 0.261328 0.551187 0.0898438 0.135015 0.852202
2 0.537109 0.746291 0.121094 0.219585 0.865014
2 0.207813 0.702522 0.123438 0.194362 0.879879
2 0.36875 0.699555 0.101562 0.188427 0.886915
2 0.0527344 0.772997 0.103906 0.21365 0.887389
2 0.135547 0.573442 0.100781 0.14095 0.887667
