2 0.408984 0.118694 0.0195312 0.041543 0.357966
2 0.0316406 0.249258 0.0445312 0.041543 0.364226
2 0.143359 0.216617 0.0273438 0.0385757 0.477998
2 0.175391 0.221068 0.0335938 0.0385757 0.629419
2 0.217578 0.215134 0.0289063 0.041543 0.632901
2 0.249609 0.226261 0.0257812 0.0430267 0.633756
2 0.25625 0.571217 0.096875 0.133531 0.782811
2 0.700391 0.336053 0.117969 0.0905045 0.812722
2 0.0828125 0.660979 0.128125 0.164688 0.875121
2 0.211328 0.707715 0.121094 0.178042 0.888963
2 0.370703 0.717359 0.102344 0.18546 0.906373
2 0.677734 0.744807 0.136719 0.204748 0.920139
