2 0.246875 0.186202 0.0203125 0.0311573 0.259977
2 0.182422 0.21365 0.0445312 0.041543 0.286159
2 0.139453 0.223294 0.0320312 0.0341246 0.310791
2 0.257812 0.21365 0.0265625 0.0474777 0.402315
7 0.525391 0.62908 0.105469 0.172107 0.41469
2 0.214453 0.190653 0.0304688 0.037092 0.498434
2 0.497656 0.515579 0.0703125 0.114243 0.613113
2 0.711719 0.34273 0.104687 0.0890208 0.772614
2 0.251563 0.563056 0.0921875 0.135015 0.777148
2 0.525 0.632047 0.1 0.172107 0.781328
2 0.374219 0.522255 0.065625 0.136499 0.791973
2 0.158203 0.89911 0.167969 0.183976 0.798234
2 0.359766 0.695104 0.100781 0.203264 0.837487
2 0.216406 0.703264 0.109375 0.183976 0.859277
2 0.546484 0.867953 0.136719 0.240356 0.878621
