2 0.989062 0.369436 0.021875 0.0385757 0.269066
2 0.142188 0.22181 0.03125 0.0341246 0.270287
2 0.0296875 0.242582 0.040625 0.0578635 0.293599
7 0.0292969 0.244065 0.0414063 0.0578635 0.302342
7 0.54375 0.65727 0.16875 0.47181 0.333997
2 0.235156 0.202522 0.0234375 0.0400593 0.352107
2 0.216406 0.221068 0.028125 0.0326409 0.36335
2 0.184766 0.216617 0.0289063 0.0326409 0.386062
2 0.959766 0.390208 0.0804688 0.0682493 0.482076
2 0.74375 0.37092 0.129688 0.127596 0.485586
2 0.267969 0.208457 0.028125 0.037092 0.518571
2 0.377344 0.559347 0.0734375 0.124629 0.556294
5 0.541406 0.658754 0.178125 0.459941 0.603175
2 0.125391 0.928783 0.163281 0.139466 0.739512
2 0.223828 0.669881 0.124219 0.218101 0.781349
2 0.361719 0.696588 0.0984375 0.197329 0.787649
2 0.261328 0.548961 0.0867188 0.130564 0.81579
2 0.343359 0.917656 0.132031 0.152819 0.831506
2 0.0648438 0.687685 0.129688 0.164688 0.839062
2 0.635547 0.323442 0.0867188 0.0682493 0.875611
