2 0.203906 0.202522 0.0265625 0.0430267 0.270138
2 0.980078 0.319733 0.0382813 0.037092 0.368415
2 0.859766 0.367953 0.152344 0.109792 0.443531
2 0.175781 0.219585 0.0328125 0.0385757 0.452519
7 0.371875 0.570475 0.0828125 0.176558 0.525046
2 0.371875 0.571217 0.08125 0.175074 0.526941
2 0.228906 0.198813 0.03125 0.0504451 0.579358
2 0.366797 0.979228 0.121094 0.041543 0.607451
2 0.949609 0.341246 0.0929687 0.0771513 0.628427
2 0.143359 0.220326 0.0304688 0.0430267 0.635418
7 0.494531 0.511869 0.0875 0.192878 0.732031
2 0.652344 0.402819 0.090625 0.0905045 0.757065
2 0.243359 0.597181 0.0976562 0.149852 0.822258
2 0.367188 0.776706 0.107813 0.191395 0.85386
2 0.151953 0.905786 0.174219 0.179525 0.861372
