2 0.394531 0.208457 0.0203125 0.0400593 0.266937
2 0.220703 0.345697 0.0460938 0.0890208 0.321883
2 0.0433594 0.310089 0.0523437 0.103858 0.345932
2 0.414453 0.158754 0.0195312 0.0237389 0.401927
2 0.352734 0.220326 0.0257812 0.0430267 0.403221
2 0.0136719 0.904303 0.0273438 0.146884 0.470933
5 0.105469 0.310089 0.0625 0.115727 0.491136
2 0.457031 0.226261 0.0296875 0.0430267 0.512953
2 0.458203 0.264095 0.0320312 0.0504451 0.573149
2 0.153125 0.277448 0.0359375 0.0534125 0.698385
2 0.399609 0.301187 0.0414063 0.0593472 0.742332
2 0.335547 0.283383 0.0351562 0.0563798 0.768628
2 0.308203 0.353116 0.0476562 0.0712166 0.770664
2 0.286328 0.452522 0.0664062 0.136499 0.787113
2 0.669531 0.392433 0.0609375 0.0816024 0.812775
2 0.479297 0.390208 0.0523437 0.0919881 0.821467
2 0.505859 0.497774 0.0679687 0.114243 0.828702
2 0.169922 0.505935 0.0867188 0.109792 0.846655
5 0.382812 0.462166 0.10625 0.277448 0.858376
2 0.234766 0.636499 0.107031 0.169139 0.891931
