2 0.172266 0.223294 0.0304688 0.0341246 0.620842
2 0.969141 0.319733 0.0617188 0.0489614 0.661434
2 0.497266 0.539317 0.0742188 0.135015 0.755897
2 0.501562 0.248516 0.0578125 0.0519288 0.786961
2 0.116406 0.591988 0.109375 0.148368 0.826195
2 0.373828 0.574184 0.0820312 0.163205 0.835528
2 0.641016 0.328635 0.103906 0.0727003 0.844336
2 0.535156 0.769288 0.139062 0.330861 0.865749
2 0.142969 0.885757 0.171875 0.21365 0.876701
2 0.419922 0.307122 0.0820312 0.0652819 0.878584
2 0.242969 0.591988 0.0890625 0.145401 0.890476
