2 0.342578 0.248516 0.0351562 0.0519288 0.315292
2 0.428516 0.21365 0.0242187 0.0385757 0.358194
2 0.078125 0.301187 0.0484375 0.0593472 0.46985
2 0.982422 0.341246 0.0351562 0.0801187 0.526718
2 0.458203 0.247033 0.0304688 0.0459941 0.537696
7 0.0480469 0.249258 0.0804688 0.109792 0.554771
2 0.938281 0.341988 0.0671875 0.0608309 0.617904
2 0.133203 0.931009 0.166406 0.12908 0.649788
2 0.325391 0.333828 0.0398437 0.0682493 0.688011
2 0.489844 0.409496 0.0546875 0.0830861 0.711718
2 0.205469 0.428783 0.0671875 0.0860534 0.735987
2 0.015625 0.931751 0.03125 0.118694 0.744815
2 0.303516 0.45549 0.0679687 0.118694 0.771775
2 0.39375 0.270772 0.034375 0.0548961 0.777328
2 0.366797 0.95549 0.144531 0.0860534 0.784365
2 0.05 0.390208 0.0671875 0.0890208 0.806028
2 0.404297 0.386499 0.0492188 0.0756677 0.811994
2 0.504297 0.589763 0.0789063 0.143917 0.86567
2 0.131641 0.597181 0.108594 0.137982 0.875733
2 0.381641 0.53635 0.0726563 0.132047 0.882972
2 0.234375 0.647626 0.115625 0.176558 0.883401
2 0.562891 0.854599 0.141406 0.243323 0.911151
