2 0.0414063 0.246291 0.0546875 0.0474777 0.330162
2 0.637109 0.962166 0.238281 0.0756677 0.429355
2 0.211719 0.191395 0.028125 0.0267062 0.542182
2 0.982422 0.341246 0.0351562 0.0830861 0.575824
2 0.0722656 0.287834 0.0648438 0.0534125 0.611081
2 0.937109 0.341988 0.0648438 0.0608309 0.637413
2 0.462891 0.228487 0.0335938 0.0474777 0.642911
2 0.500781 0.520772 0.0828125 0.154303 0.71077
2 0.203125 0.456231 0.071875 0.108309 0.731839
2 0.3375 0.295994 0.0671875 0.0608309 0.743906
2 0.148047 0.337537 0.0632813 0.0697329 0.814214
2 0.264453 0.553412 0.0851562 0.136499 0.82394
2 0.558203 0.323442 0.0976562 0.0801187 0.860738
2 0.0621094 0.709941 0.124219 0.200297 0.882557
