2 0.408203 0.134273 0.0148437 0.0252226 0.296027
2 0.258594 0.220326 0.03125 0.0430267 0.311708
7 0.525391 0.630564 0.103906 0.172107 0.363677
2 0.3875 0.152077 0.01875 0.0252226 0.558551
2 0.497656 0.514837 0.0703125 0.115727 0.635807
2 0.372656 0.514837 0.0671875 0.124629 0.724719
2 0.251953 0.562315 0.0914062 0.133531 0.770094
2 0.3625 0.658012 0.0921875 0.179525 0.790813
2 0.525391 0.632789 0.0992187 0.170623 0.800919
2 0.344531 0.920623 0.140625 0.149852 0.801104
2 0.156641 0.898368 0.172656 0.188427 0.818618
2 0.138672 0.557863 0.0960938 0.127596 0.86798
2 0.219531 0.698813 0.110937 0.181009 0.869197
2 0.546094 0.867211 0.135937 0.238872 0.897387
2 0.0425781 0.847923 0.0835937 0.215134 0.900237
