2 0.933984 0.34273 0.0695312 0.0623145 0.280371
2 0.255859 0.178042 0.0226563 0.0267062 0.283008
2 0.417969 0.381306 0.0484375 0.0712166 0.308674
2 0.227734 0.20549 0.0398437 0.0459941 0.347746
2 0.102344 0.212908 0.0359375 0.0459941 0.364803
2 0.257422 0.218101 0.0257812 0.0356083 0.388367
2 0.49375 0.504451 0.053125 0.0593472 0.423362
2 0.04375 0.247774 0.0515625 0.0504451 0.458526
2 0.172266 0.22181 0.0320312 0.0400593 0.482472
2 0.395703 0.163947 0.0179687 0.0252226 0.549061
2 0.590234 0.501484 0.0726563 0.121662 0.69676
2 0.120703 0.563056 0.105469 0.126113 0.735174
2 0.601172 0.424332 0.0773437 0.0919881 0.771379
2 0.374609 0.568991 0.0835937 0.164688 0.826798
2 0.555859 0.936202 0.142969 0.127596 0.833207
2 0.517187 0.653561 0.1125 0.277448 0.836256
2 0.348047 0.870178 0.136719 0.238872 0.886249
2 0.0625 0.699555 0.125 0.173591 0.887686
2 0.242578 0.590504 0.0898438 0.145401 0.891036
2 0.159766 0.856083 0.155469 0.231454 0.913237
