2 0.273828 0.199555 0.0226563 0.0222552 0.284022
2 0.390625 0.129822 0.0234375 0.0281899 0.302395
2 0.367969 0.135757 0.0171875 0.0341246 0.324567
2 0.250391 0.236647 0.0476562 0.0548961 0.330641
2 0.267969 0.206973 0.0296875 0.0341246 0.393312
2 0.978906 0.319733 0.0421875 0.037092 0.429407
2 0.414062 0.139466 0.0203125 0.0296736 0.452187
2 0.241406 0.252967 0.0296875 0.0608309 0.466044
2 0.265234 0.219585 0.0304688 0.0445104 0.470949
7 0.469141 0.158012 0.0320312 0.0697329 0.47828
2 0.947266 0.338279 0.0835937 0.0682493 0.519382
2 0.391406 0.184718 0.025 0.0430267 0.663731
2 0.228125 0.325668 0.046875 0.0934718 0.703943
2 0.096875 0.337537 0.0546875 0.0875371 0.718918
