2 0.254297 0.244807 0.0585938 0.0623145 0.263639
2 0.494141 0.504451 0.0539063 0.0593472 0.322744
2 0.137891 0.222552 0.0351562 0.041543 0.372364
2 0.216797 0.212166 0.0273438 0.0445104 0.46757
2 0.171094 0.222552 0.0296875 0.0385757 0.518918
2 0.120312 0.56454 0.104687 0.12908 0.709449
2 0.0128906 0.926558 0.0257812 0.12908 0.739618
2 0.345313 0.968101 0.146875 0.0637982 0.751022
2 0.374609 0.571958 0.0820312 0.167656 0.781954
2 0.517578 0.652819 0.110156 0.278932 0.841927
2 0.55625 0.936202 0.142188 0.127596 0.848853
2 0.0625 0.699555 0.125 0.170623 0.881278
2 0.358594 0.76632 0.114063 0.215134 0.88477
2 0.242578 0.591246 0.0898438 0.143917 0.899882
2 0.160938 0.853858 0.154687 0.22997 0.920894
