2 0.21875 0.217359 0.028125 0.0341246 0.260473
2 0.178516 0.22181 0.0367187 0.037092 0.296398
2 0.262891 0.208457 0.0273438 0.037092 0.318372
2 0.71875 0.344956 0.0875 0.0667656 0.365668
2 0.139062 0.223294 0.0265625 0.0341246 0.396545
2 0.698047 0.39911 0.110156 0.0890208 0.620686
2 0.196484 0.307122 0.0914062 0.0771513 0.656423
2 0.111719 0.945104 0.171875 0.103858 0.714819
2 0.257812 0.569733 0.09375 0.136499 0.728907
2 0.595312 0.477003 0.0671875 0.12908 0.759868
2 0.0515625 0.77819 0.101562 0.218101 0.810896
2 0.131641 0.581602 0.103906 0.154303 0.830783
2 0.214453 0.690653 0.117969 0.182493 0.845367
2 0.585547 0.325668 0.107031 0.0667656 0.848724
2 0.500391 0.56454 0.0789063 0.135015 0.865848
2 0.361328 0.3227 0.102344 0.0637982 0.875502
2 0.378125 0.606825 0.0859375 0.148368 0.887337
2 0.535547 0.724036 0.105469 0.181009 0.89295
2 0.366016 0.820475 0.114844 0.219585 0.899114
