2 0.224219 0.215875 0.0359375 0.0430267 0.257958
2 0.961719 0.324926 0.0765625 0.0534125 0.27092
2 0.918359 0.318249 0.0367187 0.0252226 0.272896
7 0.157813 0.191395 0.0375 0.074184 0.27688
7 0.330078 0.92359 0.144531 0.149852 0.391146
2 0.491797 0.251484 0.0273438 0.0400593 0.391616
2 0.263281 0.170623 0.0203125 0.0296736 0.414047
2 0.234375 0.199555 0.0234375 0.0341246 0.484066
2 0.216406 0.224036 0.028125 0.0356083 0.487678
2 0.18125 0.216617 0.0328125 0.0356083 0.496906
2 0.135547 0.22181 0.0304688 0.037092 0.531217
2 0.329297 0.922849 0.147656 0.148368 0.533681
5 0.541016 0.672849 0.164844 0.497033 0.571452
2 0.373437 0.537834 0.075 0.12908 0.745075
2 0.375391 0.663947 0.0804688 0.206231 0.792416
2 0.260938 0.594956 0.090625 0.148368 0.865606
2 0.206641 0.781157 0.138281 0.221068 0.893241
2 0.615625 0.335312 0.101562 0.0712166 0.900904
