2 0.152734 0.218101 0.0257812 0.0296736 0.298628
2 0.123828 0.304896 0.0476562 0.0637982 0.378167
2 0.126953 0.227745 0.0320312 0.037092 0.395066
7 0.503125 0.545252 0.0828125 0.173591 0.396761
2 0.504297 0.554154 0.0835937 0.155786 0.415019
2 0.221094 0.215134 0.03125 0.0356083 0.416477
2 0.179297 0.216617 0.0289063 0.0356083 0.472652
7 0.380469 0.555638 0.071875 0.123145 0.533169
2 0.596484 0.458457 0.0554687 0.10089 0.589901
2 0.780469 0.914688 0.179688 0.167656 0.595444
2 0.542188 0.252967 0.0625 0.0489614 0.640745
2 0.249609 0.293027 0.0914062 0.0489614 0.64165
2 0.95 0.347923 0.06875 0.0637982 0.675291
2 0.604688 0.292285 0.090625 0.0652819 0.686386
2 0.611719 0.542285 0.0890625 0.146884 0.7443
2 0.698438 0.338279 0.115625 0.074184 0.751654
2 0.545703 0.931751 0.157031 0.136499 0.786717
2 0.0644531 0.3227 0.0835937 0.0667656 0.802095
2 0.262109 0.550445 0.0867188 0.136499 0.860805
2 0.537109 0.747033 0.121094 0.221068 0.869167
2 0.367969 0.699555 0.101562 0.188427 0.877865
