2 0.223438 0.321958 0.0390625 0.0445104 0.269515
2 0.255469 0.153561 0.0171875 0.0222552 0.280392
2 0.220313 0.339763 0.0484375 0.0623145 0.284522
2 0.40625 0.111276 0.0171875 0.0326409 0.292613
2 0.367578 0.143917 0.0164062 0.0296736 0.316281
2 0.988672 0.351632 0.0226563 0.0712166 0.50691
2 0.186328 0.187685 0.0226563 0.0311573 0.553184
2 0.237109 0.255935 0.0304688 0.0578635 0.67227
2 0.216016 0.367211 0.0523437 0.0845697 0.73641
2 0.948828 0.348665 0.0679687 0.0652819 0.743858
2 0.190625 0.43546 0.0671875 0.0875371 0.841031
