2 0.171484 0.178783 0.0210938 0.0252226 0.281629
2 0.549219 0.315282 0.0390625 0.0756677 0.303356
2 0.176172 0.224036 0.0304688 0.0296736 0.36429
2 0.978906 0.319733 0.040625 0.037092 0.380411
2 0.2625 0.219585 0.0234375 0.0326409 0.465384
2 0.207813 0.175816 0.01875 0.0252226 0.475665
2 0.254297 0.168398 0.0257812 0.037092 0.512509
2 0.947266 0.341988 0.0851562 0.0697329 0.51863
2 0.0394531 0.247033 0.0367187 0.0489614 0.535268
2 0.245312 0.249258 0.028125 0.041543 0.698475
2 0.401172 0.161721 0.0195312 0.0267062 0.711111
2 0.596484 0.325668 0.0867188 0.0756677 0.722131
7 0.335156 0.899852 0.157813 0.191395 0.782807
2 0.389062 0.30638 0.0796875 0.0756677 0.786261
2 0.237109 0.617953 0.102344 0.161721 0.834242
