2 0.180859 0.22181 0.0320312 0.0341246 0.257336
2 0.265234 0.201039 0.0242187 0.037092 0.271479
2 0.217578 0.220326 0.0273438 0.0311573 0.282261
5 0.541016 0.667656 0.166406 0.489614 0.340138
2 0.542188 0.666172 0.170312 0.501484 0.367768
2 0.135547 0.223294 0.0304688 0.0341246 0.528497
2 0.0546875 0.243323 0.05 0.0445104 0.560912
2 0.330078 0.922849 0.146094 0.148368 0.600534
2 0.0355469 0.319733 0.0460938 0.0727003 0.674644
2 0.375391 0.52819 0.0742188 0.106825 0.714798
2 0.161719 0.308605 0.08125 0.074184 0.728542
2 0.271875 0.549703 0.08125 0.143917 0.758095
2 0.651172 0.335312 0.0898438 0.0771513 0.800784
2 0.376953 0.659496 0.0804688 0.203264 0.80611
2 0.601172 0.506677 0.0664062 0.12908 0.809838
2 0.635547 0.403561 0.0789063 0.0860534 0.822327
2 0.328516 0.275964 0.0726563 0.0593472 0.823556
2 0.488672 0.336795 0.105469 0.0712166 0.879547
2 0.219922 0.732938 0.128906 0.207715 0.895216
