7 0.172266 0.245549 0.0414063 0.0816024 0.261384
2 0.0742188 0.267062 0.0375 0.041543 0.345696
2 0.172656 0.245549 0.0421875 0.0816024 0.355726
2 0.136719 0.25 0.0328125 0.0489614 0.379576
2 0.932031 0.318991 0.0546875 0.0326409 0.405491
2 0.484375 0.447329 0.0625 0.0875371 0.674099
2 0.0128906 0.9273 0.0257812 0.130564 0.758872
2 0.121484 0.567507 0.111719 0.137982 0.766483
2 0.507422 0.586795 0.100781 0.238872 0.8165
2 0.380469 0.48368 0.065625 0.133531 0.81911
2 0.342187 0.936944 0.153125 0.120178 0.837313
2 0.282031 0.468101 0.0703125 0.117211 0.848991
2 0.361719 0.744065 0.107813 0.209199 0.860886
2 0.0625 0.700297 0.125 0.169139 0.885712
2 0.551953 0.916914 0.141406 0.166172 0.897202
2 0.205469 0.718843 0.125 0.18546 0.904766
