2 0.205078 0.235163 0.0226563 0.037092 0.293447
2 0.978516 0.323442 0.0382813 0.0326409 0.333919
2 0.613672 0.268546 0.0335938 0.041543 0.334575
2 0.386719 0.215134 0.0265625 0.0356083 0.357688
2 0.266016 0.221068 0.0257812 0.0445104 0.358002
2 0.1875 0.187685 0.0234375 0.0281899 0.381687
5 0.351172 0.183976 0.0320312 0.0652819 0.390196
2 0.241016 0.251484 0.0273438 0.0459941 0.435443
2 0.352734 0.246291 0.0304688 0.0504451 0.471868
5 0.323828 0.33457 0.0507812 0.143917 0.525394
2 0.137891 0.244807 0.0304688 0.0474777 0.53188
7 0.0914062 0.225519 0.0484375 0.0860534 0.582058
2 0.593359 0.261869 0.0664062 0.0489614 0.600033
2 0.44375 0.238131 0.0296875 0.037092 0.615884
2 0.178516 0.260386 0.0367187 0.0489614 0.620685
2 0.101953 0.324926 0.0507812 0.074184 0.629035
2 0.948438 0.341246 0.090625 0.0712166 0.649611
2 0.0507812 0.316766 0.0546875 0.0697329 0.706728
2 0.217578 0.395401 0.0632813 0.120178 0.773985
2 0.395703 0.278932 0.0351562 0.0563798 0.813695
2 0.369531 0.588279 0.08125 0.146884 0.821105
5 0.4875 0.367211 0.0796875 0.212166 0.883305
