2 0.146094 0.249258 0.0359375 0.0445104 0.2529
2 0.260547 0.206973 0.0273438 0.0400593 0.267516
2 0.227734 0.198813 0.0304688 0.0504451 0.271136
2 0.100391 0.964392 0.182031 0.0712166 0.337406
2 0.125781 0.231454 0.0296875 0.041543 0.352147
2 0.412891 0.152819 0.0179687 0.0237389 0.470528
7 0.459766 0.316024 0.0539063 0.10089 0.599678
2 0.491406 0.478487 0.0703125 0.12908 0.657993
2 0.566016 0.860534 0.130469 0.252226 0.712115
2 0.363672 0.954748 0.141406 0.0845697 0.787864
2 0.385547 0.338279 0.0476562 0.0830861 0.800878
2 0.178516 0.49184 0.0898438 0.137982 0.808742
2 0.383594 0.573442 0.0734375 0.137982 0.825293
2 0.298828 0.414688 0.0632813 0.105341 0.831496
2 0.235547 0.674332 0.113281 0.176558 0.897953
