7 0.222656 0.396884 0.0640625 0.126113 0.273215
2 0.979297 0.318991 0.0414063 0.0445104 0.283321
2 0.223438 0.412463 0.065625 0.0919881 0.387148
2 0.365234 0.156528 0.0179687 0.0281899 0.396234
2 0.932422 0.319733 0.0523437 0.0311573 0.404315
2 0.225391 0.326409 0.0445312 0.074184 0.454048
2 0.278906 0.183976 0.0234375 0.0296736 0.49706
2 0.269141 0.215134 0.0304688 0.0356083 0.502316
2 0.10625 0.274481 0.0453125 0.0652819 0.506082
2 0.248437 0.261869 0.0359375 0.0727003 0.51954
2 0.407813 0.121662 0.0171875 0.0356083 0.539476
2 0.167969 0.481454 0.078125 0.105341 0.817433
2 0.119141 0.595697 0.108594 0.149852 0.881293
