2 0.0742188 0.234421 0.040625 0.0474777 0.370251
2 0.253125 0.320475 0.090625 0.0830861 0.55674
7 0.388281 0.321958 0.145313 0.0979228 0.755606
2 0.373047 0.513353 0.0648438 0.118694 0.775164
2 0.498437 0.51632 0.0734375 0.121662 0.78961
5 0.653906 0.323442 0.189063 0.148368 0.791364
2 0.251563 0.562315 0.090625 0.130564 0.797273
2 0.340625 0.954006 0.139062 0.0830861 0.80707
2 0.3625 0.658754 0.0921875 0.183976 0.820997
2 0.155469 0.898368 0.175 0.188427 0.821517
2 0.525391 0.633531 0.0992187 0.169139 0.836587
2 0.139062 0.557122 0.096875 0.126113 0.869552
2 0.219141 0.698071 0.111719 0.179525 0.877124
2 0.546094 0.867953 0.135937 0.240356 0.892035
2 0.0425781 0.848665 0.0835937 0.21365 0.903463
