7 0.139453 0.296736 0.0382813 0.0682493 0.268533
2 0.401172 0.100148 0.0195312 0.0341246 0.27335
2 0.139844 0.297478 0.0390625 0.0697329 0.428051
2 0.270703 0.206231 0.0367187 0.041543 0.454905
2 0.0769531 0.235163 0.0414063 0.0519288 0.585634
2 0.274219 0.270772 0.0546875 0.0697329 0.628764
2 0.0289063 0.275223 0.0359375 0.0489614 0.644054
2 0.969141 0.321217 0.0617188 0.0489614 0.662241
2 0.172656 0.223294 0.0296875 0.037092 0.684429
2 0.215625 0.344214 0.0484375 0.0682493 0.806449
2 0.535547 0.850148 0.128906 0.234421 0.874485
2 0.512891 0.321217 0.100781 0.0697329 0.894921
