2 0.257422 0.22181 0.0289063 0.0400593 0.266754
2 0.0382813 0.41543 0.071875 0.151335 0.30475
2 0.3875 0.160237 0.01875 0.0237389 0.317767
2 0.397656 0.186944 0.0234375 0.0296736 0.457618
2 0.452344 0.252967 0.021875 0.0459941 0.485652
2 0.0671875 0.274481 0.0796875 0.0623145 0.537267
2 0.373828 0.514095 0.0664062 0.120178 0.753934
2 0.251953 0.563056 0.0914062 0.135015 0.761334
2 0.498437 0.515579 0.0734375 0.117211 0.768372
2 0.344531 0.919881 0.140625 0.151335 0.803974
2 0.3625 0.655786 0.0921875 0.181009 0.818196
2 0.155859 0.89911 0.174219 0.186944 0.821057
2 0.525391 0.634273 0.0992187 0.170623 0.834103
2 0.219141 0.698813 0.111719 0.181009 0.86932
2 0.139062 0.558605 0.096875 0.12908 0.869713
2 0.505469 0.319733 0.0921875 0.0697329 0.877975
2 0.546094 0.867953 0.135937 0.240356 0.896579
2 0.0425781 0.847923 0.0835937 0.215134 0.897834
