2 0.282031 0.184718 0.0203125 0.0341246 0.250818
7 0.298047 0.313056 0.119531 0.15727 0.400714
2 0.228906 0.195846 0.0296875 0.0504451 0.408192
2 0.298438 0.319733 0.123438 0.152819 0.472953
2 0.139453 0.221068 0.0304688 0.0356083 0.474837
7 0.491406 0.499258 0.084375 0.179525 0.531413
5 0.492969 0.502967 0.084375 0.189911 0.559757
2 0.366797 0.978487 0.121094 0.0430267 0.614344
7 0.586719 0.925816 0.151562 0.148368 0.650482
2 0.372656 0.571958 0.0828125 0.176558 0.770735
2 0.242969 0.593472 0.1 0.15727 0.782507
2 0.528125 0.692137 0.1125 0.203264 0.829828
2 0.144922 0.549703 0.102344 0.164688 0.843943
2 0.367188 0.776706 0.109375 0.191395 0.894911
2 0.181641 0.849407 0.153906 0.22997 0.919283
