5 0.398047 0.232938 0.0382813 0.0801187 0.264989
2 0.413281 0.141691 0.01875 0.0341246 0.272849
2 0.398828 0.175816 0.0210938 0.037092 0.29581
2 0.395312 0.285608 0.0375 0.0845697 0.31801
2 0.35625 0.189169 0.021875 0.0430267 0.3498
2 0.935156 0.324184 0.0640625 0.0341246 0.358582
2 0.400391 0.227003 0.0351562 0.0652819 0.384921
2 0.441797 0.198071 0.0304688 0.0400593 0.396683
2 0.103125 0.288576 0.0421875 0.0637982 0.414051
2 0.247656 0.264837 0.034375 0.0578635 0.515374
2 0.982813 0.341246 0.034375 0.0771513 0.552088
2 0.228906 0.333828 0.0421875 0.0593472 0.586929
5 0.282422 0.444362 0.0898438 0.173591 0.593431
2 0.937891 0.340504 0.0664062 0.0578635 0.594317
2 0.217969 0.394659 0.0578125 0.0801187 0.640687
2 0.0820312 0.345697 0.0609375 0.0801187 0.756203
2 0.331641 0.948813 0.130469 0.0905045 0.795646
2 0.371094 0.356825 0.0453125 0.078635 0.831266
2 0.196484 0.465875 0.0773437 0.118694 0.834907
2 0.383203 0.585312 0.0757812 0.132047 0.876262
5 0.475 0.31454 0.071875 0.181009 0.887615
