2 0.393359 0.249258 0.0304688 0.0445104 0.297769
2 0.394922 0.199555 0.0210938 0.037092 0.301071
2 0.0226563 0.341988 0.034375 0.0816024 0.322308
2 0.164062 0.183976 0.021875 0.0296736 0.385209
2 0.39375 0.217359 0.025 0.0578635 0.399549
2 0.219141 0.183234 0.0195312 0.0281899 0.405947
2 0.354688 0.212908 0.0234375 0.0578635 0.420336
2 0.389062 0.152819 0.0171875 0.0326409 0.456304
2 0.141016 0.214392 0.0273438 0.037092 0.514442
2 0.244531 0.267804 0.0390625 0.0727003 0.586179
2 0.21875 0.370178 0.0578125 0.0994065 0.727301
5 0.477344 0.225519 0.046875 0.127596 0.738324
2 0.169922 0.252226 0.0367187 0.0504451 0.747165
2 0.661328 0.281157 0.0789063 0.0519288 0.77208
2 0.0789063 0.339763 0.05625 0.074184 0.807324
2 0.384766 0.341988 0.0445312 0.078635 0.835184
