2 0.459375 0.275964 0.034375 0.0504451 0.266778
2 0.378125 0.155045 0.0234375 0.037092 0.295586
2 0.434375 0.196588 0.0140625 0.0311573 0.35489
2 0.396094 0.252967 0.0265625 0.0430267 0.382275
2 0.196484 0.202522 0.0273438 0.037092 0.406098
2 0.513281 0.230712 0.03125 0.0489614 0.417031
2 0.0765625 0.290059 0.0484375 0.0548961 0.448544
2 0.223047 0.360534 0.0398437 0.118694 0.455848
2 0.148828 0.250742 0.0382813 0.0445104 0.497398
2 0.239844 0.264837 0.03125 0.0608309 0.514337
5 0.457422 0.211424 0.0367187 0.114243 0.580665
2 0.969141 0.319733 0.0617188 0.0489614 0.65728
2 0.664453 0.275964 0.0710938 0.0593472 0.682901
2 0.0761719 0.36276 0.0710938 0.0994065 0.698575
2 0.340234 0.261869 0.0335938 0.0578635 0.722754
2 0.396484 0.332344 0.0429688 0.074184 0.728228
2 0.308203 0.369436 0.0570313 0.0919881 0.824707
2 0.255469 0.543769 0.0859375 0.173591 0.831455
2 0.382812 0.458457 0.0625 0.121662 0.840305
5 0.507422 0.467359 0.110156 0.290801 0.905189
