2 0.544141 0.659496 0.172656 0.461424 0.340279
2 0.141016 0.223294 0.0257812 0.0341246 0.371772
2 0.235547 0.203264 0.0226563 0.0385757 0.389895
7 0.54375 0.655044 0.16875 0.470326 0.404048
2 0.216797 0.22181 0.0273438 0.0341246 0.423017
5 0.541797 0.658012 0.177344 0.458457 0.442338
2 0.185156 0.216617 0.0296875 0.0356083 0.498963
2 0.267578 0.209941 0.0273438 0.037092 0.552795
2 0.378516 0.55638 0.0757812 0.121662 0.593832
2 0.125391 0.928783 0.161719 0.139466 0.734749
2 0.223438 0.670623 0.125 0.219585 0.751229
2 0.361328 0.695846 0.0992187 0.195846 0.775311
2 0.127734 0.585312 0.103906 0.14095 0.781942
2 0.260547 0.550445 0.0882813 0.130564 0.794091
2 0.34375 0.916914 0.13125 0.154303 0.807759
2 0.611328 0.313798 0.103906 0.0667656 0.868844
