2 0.414062 0.151335 0.0171875 0.0267062 0.250075
2 0.0921875 0.226261 0.034375 0.0400593 0.277912
2 0.371094 0.146884 0.0140625 0.0267062 0.304094
2 0.275391 0.273739 0.0679687 0.0548961 0.311668
5 0.541016 0.65727 0.178906 0.465875 0.372927
2 0.487891 0.225519 0.0367187 0.0504451 0.41984
7 0.54375 0.655786 0.16875 0.47181 0.470771
2 0.0347656 0.250742 0.0523437 0.0563798 0.477584
2 0.935938 0.337537 0.06875 0.0548961 0.505914
2 0.342578 0.304154 0.0882813 0.0830861 0.585951
2 0.125781 0.929525 0.1625 0.137982 0.695798
2 0.310547 0.330861 0.0945313 0.074184 0.713476
2 0.618359 0.327893 0.0867188 0.0682493 0.734965
2 0.378516 0.55638 0.0757812 0.121662 0.750797
2 0.547656 0.333086 0.117188 0.0905045 0.805765
2 0.261328 0.54822 0.0882813 0.132047 0.827016
2 0.343359 0.917656 0.132031 0.152819 0.828847
2 0.223828 0.671365 0.124219 0.218101 0.830725
2 0.361328 0.698071 0.0992187 0.197329 0.850945
2 0.646484 0.414688 0.0929687 0.0964392 0.898313
