2 0.3875 0.142433 0.0140625 0.0237389 0.298209
2 0.235547 0.201039 0.0242187 0.037092 0.31018
2 0.0765625 0.372404 0.0421875 0.0593472 0.332912
5 0.541406 0.65727 0.178125 0.462908 0.389554
7 0.544141 0.654303 0.169531 0.468843 0.536703
2 0.935938 0.337537 0.06875 0.0667656 0.555736
2 0.262109 0.307122 0.0992187 0.0771513 0.558187
2 0.0472656 0.327151 0.0695312 0.0697329 0.563742
2 0.66875 0.274481 0.0625 0.0593472 0.571867
2 0.507812 0.24184 0.05625 0.0504451 0.584237
2 0.125781 0.930267 0.164062 0.139466 0.635517
2 0.0886719 0.283383 0.0726563 0.0593472 0.635711
2 0.379297 0.558605 0.0773437 0.123145 0.751237
2 0.433594 0.281899 0.0984375 0.0682493 0.753978
2 0.605469 0.287834 0.0828125 0.0593472 0.765588
2 0.649609 0.421365 0.0851562 0.0919881 0.779372
2 0.223438 0.670623 0.123438 0.219585 0.783151
2 0.343359 0.917656 0.133594 0.152819 0.803585
2 0.620313 0.527448 0.0796875 0.135015 0.819684
2 0.261328 0.54822 0.0867188 0.132047 0.835001
2 0.360938 0.695846 0.0984375 0.195846 0.839855
