2 0.0914062 0.331602 0.065625 0.102374 0.269718
2 0.414062 0.152077 0.01875 0.0400593 0.283391
2 0.242188 0.255193 0.040625 0.0593472 0.343001
2 0.129297 0.255193 0.0335938 0.0385757 0.348938
2 0.187891 0.243323 0.0335938 0.041543 0.358921
2 0.438281 0.223294 0.0265625 0.0578635 0.387309
2 0.392188 0.251484 0.0328125 0.037092 0.433807
7 0.0925781 0.328635 0.0632813 0.105341 0.447449
2 0.392188 0.192136 0.0203125 0.0281899 0.554681
2 0.129297 0.934718 0.163281 0.127596 0.611445
2 0.0441406 0.327893 0.0476562 0.0652819 0.683482
2 0.39375 0.301187 0.0390625 0.0563798 0.691665
2 0.328906 0.291543 0.0375 0.0637982 0.701261
2 0.218359 0.370178 0.0601562 0.0994065 0.724646
2 0.161328 0.271513 0.0414063 0.0504451 0.730377
2 0.386328 0.433234 0.0554687 0.130564 0.777595
2 0.278516 0.484421 0.0757812 0.114243 0.82236
5 0.484766 0.311573 0.0554687 0.160237 0.838423
5 0.540625 0.651335 0.178125 0.486647 0.880375
