2 0.241797 0.289318 0.0367187 0.0771513 0.279084
2 0.961719 0.336053 0.0765625 0.0816024 0.364184
2 0.978125 0.316766 0.04375 0.0578635 0.419167
2 0.982422 0.339763 0.0351562 0.0830861 0.442002
2 0.941406 0.343472 0.0640625 0.0637982 0.539819
2 0.249609 0.260386 0.0367187 0.0578635 0.558166
2 0.218359 0.394659 0.0585938 0.0801187 0.69286
2 0.229297 0.331602 0.0414063 0.0608309 0.693819
2 0.154297 0.562315 0.0945313 0.136499 0.855807
2 0.195312 0.466617 0.078125 0.114243 0.864522
2 0.544922 0.761128 0.132031 0.240356 0.872378
