2 0.253516 0.173591 0.0179687 0.0237389 0.25684
2 0.263672 0.209199 0.0273438 0.0385757 0.315346
2 0.229297 0.198071 0.0289063 0.0489614 0.436615
7 0.491406 0.496291 0.084375 0.176558 0.538802
2 0.138281 0.222552 0.0296875 0.0385757 0.586044
2 0.366797 0.979228 0.121094 0.041543 0.619129
7 0.585938 0.925816 0.151562 0.148368 0.622778
5 0.493359 0.502226 0.0835937 0.18546 0.643906
2 0.372266 0.571217 0.0820312 0.175074 0.698517
2 0.146875 0.553412 0.10625 0.169139 0.76208
2 0.241406 0.596439 0.101562 0.151335 0.789273
2 0.528125 0.691395 0.1125 0.20178 0.792227
2 0.367188 0.775964 0.109375 0.189911 0.888069
2 0.182031 0.850148 0.154687 0.231454 0.908493
