2 0.408594 0.160237 0.0203125 0.0326409 0.250922
2 0.116406 0.270772 0.0390625 0.0400593 0.346317
2 0.250391 0.260386 0.0382813 0.0608309 0.361594
2 0.0375 0.293027 0.0421875 0.0578635 0.386895
2 0.402734 0.214392 0.0257812 0.0430267 0.410069
2 0.439844 0.202522 0.025 0.037092 0.43943
7 0.344922 0.905786 0.194531 0.176558 0.51928
2 0.982813 0.341246 0.034375 0.0801187 0.549263
2 0.229297 0.333086 0.0414063 0.0637982 0.599359
2 0.937891 0.341246 0.0648438 0.0593472 0.634407
2 0.0914062 0.346439 0.0515625 0.078635 0.691792
2 0.218359 0.402077 0.0585938 0.0830861 0.697578
2 0.475391 0.406528 0.0554687 0.0979228 0.728921
2 0.35625 0.261128 0.0359375 0.0623145 0.73217
2 0.457812 0.293027 0.0390625 0.0637982 0.738997
2 0.314844 0.382789 0.05625 0.0830861 0.807863
2 0.169922 0.515579 0.0867188 0.114243 0.80952
2 0.368359 0.66543 0.0882813 0.167656 0.860146
2 0.503516 0.633531 0.0914062 0.163205 0.8607
2 0.230469 0.643175 0.10625 0.173591 0.865144
